1.000000000000000000e+00
9.830045094346574475e-01
9.330925088058096284e-01
8.534630301496241023e-01
7.493494462447564120e-01
6.278176446196818139e-01
4.973937743489912910e-01
3.674730328386653921e-01
2.474977354420457298e-01
1.459525882489789150e-01
6.929601103506852211e-02
2.100946656998190984e-02
9.790953863747793150e-04
5.405091413976517017e-03
2.735418279790635329e-02
5.793662645090779523e-02
8.792871695128286202e-02
1.095185489638287324e-01
1.177753753128883002e-01
1.114690624592984541e-01
9.300642470447992305e-02
6.747923027020952258e-02
4.107305300153974575e-02
1.928629338283066944e-02
5.481059251226889917e-03
1.941752125927810970e-04
1.394574462412021421e-03
5.556508730490506559e-03
9.135411753532019299e-03
9.892128193229507080e-03
7.573103992455226807e-03
3.707415250794522232e-03
6.371300375538509458e-04
2.187054649809850584e-04
2.786754028308646887e-03
6.883428734765307221e-03
9.947487965790226955e-03
9.741278662355308537e-03
5.938897698687690442e-03
1.159030488914670814e-03
8.769117094309328026e-04
1.205151823015057980e-02
4.081055832838954844e-02
8.994962687479504670e-02
1.571526718109145793e-01
2.346552098440516931e-01
3.106060751495797745e-01
3.718043025754301234e-01
4.070075187958771545e-01
4.098027581376934569e-01
3.801718872901149182e-01
3.243147717582219314e-01
2.528536875963046660e-01
1.780331743883623030e-01
1.107882432440755321e-01
5.851179790639828016e-02
2.405120555453489281e-02
6.031275070449701632e-03
1.944122698154219391e-04
1.197648398713875659e-03
4.269547228383406209e-03
6.285204386144355171e-03
6.082107999581848508e-03
4.107523967269890997e-03
1.672449342347907516e-03
1.450078478761905381e-04
3.554827501319698956e-04
2.351622671569655182e-03
5.496299536707134961e-03
8.790732634841395485e-03
1.126175767465823971e-02
1.226997409869225175e-02
1.165550343272110656e-02
9.709770671489714039e-03
7.019183256655030581e-03
4.255216519178365263e-03
1.983760576628443122e-03
5.432250819303645556e-04
8.887290792208146564e-06
2.323709300841904639e-04
9.274965575271634181e-04
1.769041641762787937e-03
2.476715190865829211e-03
2.868095102444287187e-03
2.876486543716802631e-03
2.539111841014896759e-03
1.966172357227038720e-03
1.302300851980441867e-03
6.899838638896207792e-04
2.412309544031422844e-04
2.040785714300668050e-05
3.851482986249797852e-05
2.575189952785729192e-04
6.024878787280533955e-04
9.788950341698455810e-04
1.292271341951089407e-03
1.467205940977449460e-03
1.462605688913695473e-03
1.280308869432566924e-03
9.648757837926671835e-04
5.938051760708413758e-04
2.594701392766132265e-04
4.633484624616182314e-05
8.840336360753637036e-06
1.559866372578659903e-04
4.475481156175771763e-04
8.039929909614578667e-04
1.128161432737230735e-03
1.332796205429843516e-03
1.365569830226652471e-03
1.223453079995255426e-03
9.514183475453470923e-04
6.257309938064920841e-04
3.276381987680440666e-04
1.169455901599268812e-04
1.513225956105274061e-05
3.967916357413352599e-06
3.936014977154888466e-05
7.389980326583736874e-05
7.801942625790921819e-05
5.053276541369114487e-05
1.436391400557471662e-05
3.118111248759708073e-07
2.746240410435796324e-05
9.052280426873560647e-05
1.609328329207361768e-04
2.016045340587767516e-04
1.879304127379539469e-04
1.239630689260969184e-04
4.451641203232804822e-05
7.371611612734263059e-07
3.521499358150252630e-05
1.586360680777076460e-04
3.400957665142657991e-04
5.170986907730586689e-04
6.217291933155267908e-04
6.111929806124288085e-04
4.881623933174311343e-04
3.007476918439536259e-04
1.215225618203952934e-04
1.520525642767688048e-05
1.026710515142986422e-05
8.798156701682964455e-05
1.939862621514914013e-04
2.664165432585892152e-04
2.665348918154201432e-04
1.966033924219310247e-04
9.618121744601336356e-05
1.895357654333828149e-05
2.235982125329216846e-06
4.544448227217203417e-05
1.098899865787574686e-04
1.419371483463421478e-04
1.096530403193459407e-04
3.519096829540354146e-05
5.186944416412724025e-06
1.497395692539988353e-04
5.938008832225727830e-04
1.397471179093030293e-03
2.508514936715655879e-03
3.748351328394717696e-03
4.842468506491981982e-03
5.491347487477200688e-03
5.463904467824168623e-03
4.687029509245783238e-03
3.304693781164914912e-03
1.688046243364159458e-03
3.910649122306807460e-04
6.043510108413794717e-05
1.319288055435677374e-03
4.649683643337966174e-03
1.029724624041879547e-02
1.821502013883832816e-02
2.805404533112283716e-02
3.919874337098854661e-02
5.083775862252599281e-02
6.205674393276938011e-02
7.193876854228734019e-02
7.965980112867632190e-02
8.456989493672265046e-02
8.625409836902589444e-02
8.456989493671843161e-02
7.965980112868381591e-02
7.193876854229257212e-02
6.205674393276006812e-02
5.083775862255044548e-02
3.919874337099162054e-02
2.805404533115056151e-02
1.821502013885696949e-02
1.029724624043544708e-02
4.649683643347781239e-03
1.319288055431418628e-03
6.043510108382810252e-05
3.910649122324003448e-04
1.688046243369394853e-03
3.304693781170747486e-03
4.687029509245036439e-03
5.463904467827658887e-03
5.491347487485026893e-03
4.842468506486190608e-03
3.748351328382519120e-03
2.508514936707595486e-03
1.397471179097575485e-03
5.938008832209142789e-04
1.497395692556308577e-04
5.186944416466793526e-06
3.519096829524352000e-05
1.096530403169641653e-04
1.419371483461020242e-04
1.098899865783028085e-04
4.544448227045084289e-05
2.235982125513886969e-06
1.895357654354610949e-05
9.618121744651319431e-05
1.966033924201684101e-04
2.665348918127414591e-04
2.664165432582313200e-04
1.939862621509548567e-04
8.798156701721568829e-05
1.026710515089747013e-05
1.520525642839649427e-05
1.215225618203339683e-04
3.007476918437144509e-04
4.881623933184033384e-04
6.111929806068635987e-04
6.217291933121687998e-04
5.170986907732137098e-04
3.400957665141802555e-04
1.586360680791627808e-04
3.521499358138909164e-05
7.371611612898657331e-07
4.451641203280302364e-05
1.239630689249363613e-04
1.879304127367077378e-04
2.016045340571823781e-04
1.609328329198468871e-04
9.052280426833155143e-05
2.746240410473338179e-05
3.118111247759421455e-07
1.436391400583656331e-05
5.053276541373969002e-05
7.801942625712867394e-05
7.389980326578493401e-05
3.936014977182820224e-05
3.967916357506819296e-06
1.513225956101499005e-05
1.169455901603031264e-04
3.276381987669609486e-04
6.257309938082111951e-04
9.514183475532932100e-04
1.223453079999822736e-03
1.365569830226656591e-03
1.332796205433291930e-03
1.128161432741025660e-03
8.039929909590396622e-04
4.475481156158402302e-04
1.559866372578665866e-04
8.840336360595770423e-06
4.633484624640336983e-05
2.594701392762498561e-04
5.938051760703045873e-04
9.648757837939021982e-04
1.280308869423165590e-03
1.462605688916424843e-03
1.467205940977160629e-03
1.292271341951457819e-03
9.788950341731782016e-04
6.024878787266751577e-04
2.575189952785202270e-04
3.851482986251148361e-05
2.040785714300570133e-05
2.412309544023448537e-04
6.899838638900741925e-04
1.302300851980304390e-03
1.966172357227390002e-03
2.539111841022863910e-03
2.876486543715267401e-03
2.868095102447221038e-03
2.476715190865837017e-03
1.769041641760037533e-03
9.274965575317029726e-04
2.323709300837019495e-04
8.887290792178307287e-06
5.432250819303614114e-04
1.983760576638808962e-03
4.255216519184585981e-03
7.019183256670093185e-03
9.709770671486850011e-03
1.165550343271121343e-02
1.226997409868755412e-02
1.126175767465823797e-02
8.790732634841392015e-03
5.496299536707151441e-03
2.351622671572583395e-03
3.554827501280316397e-04
1.450078478764580650e-04
1.672449342346669790e-03
4.107523967257920537e-03
6.082107999582388007e-03
6.285204386152088568e-03
4.269547228383403607e-03
1.197648398713861565e-03
1.944122698181310893e-04
6.031275070486419657e-03
2.405120555448111291e-02
5.851179790638023903e-02
1.107882432440410875e-01
1.780331743883748485e-01
2.528536875962708041e-01
3.243147717582218759e-01
3.801718872900795021e-01
4.098027581376727513e-01
4.070075187958412943e-01
3.718043025754727560e-01
3.106060751496730332e-01
2.346552098440833067e-01
1.571526718108884335e-01
8.994962687471565188e-02
4.081055832838408060e-02
1.205151823014143780e-02
8.769117094303562239e-04
1.159030488912618203e-03
5.938897698697794339e-03
9.741278662355292925e-03
9.947487965793843853e-03
6.883428734772821175e-03
2.786754028307996366e-03
2.187054649789198701e-04
6.371300375512579679e-04
3.707415250798773605e-03
7.573103992452510230e-03
9.892128193249003637e-03
9.135411753532045320e-03
5.556508730501614861e-03
1.394574462414012233e-03
1.941752125913861625e-04
5.481059251205350723e-03
1.928629338281797473e-02
4.107305300154076577e-02
6.747923027025459763e-02
9.300642470446275623e-02
1.114690624592983570e-01
1.177753753128991943e-01
1.095185489638065834e-01
8.792871695129095277e-02
5.793662645090372210e-02
2.735418279791118623e-02
5.405091413977017485e-03
9.790953863739917506e-04
2.100946656997376705e-02
6.929601103505829418e-02
1.459525882488335868e-01
2.474977354422615294e-01
3.674730328387598166e-01
4.973937743490118302e-01
6.278176446197629712e-01
7.493494462448185844e-01
8.534630301496519689e-01
9.330925088057931971e-01
9.830045094346773205e-01
