1.000000000000000000e+00
9.831399226066024344e-01
9.337568600454430046e-01
8.553618248688614756e-01
7.535369223669847738e-01
6.355289575254181589e-01
5.096844230387624908e-01
3.847461357697091744e-01
2.690553380233408065e-01
1.697311166973014818e-01
9.192466391362781597e-02
3.826049717259937671e-02
8.571805709832645837e-03
7.070865987833570100e-06
7.529989602402053540e-03
2.476224896957119476e-02
4.504229954742194897e-02
6.251395729429629067e-02
7.303329981945165528e-02
7.470582091293809235e-02
6.793868374707554003e-02
5.500270954833553355e-02
3.921932231865211255e-02
2.398574748641115958e-02
1.189632423305120659e-02
4.190636285961299966e-03
6.627986390094284122e-04
2.583236811459158343e-05
5.827527833785882015e-04
9.584565299021645737e-04
6.289172912018081056e-04
5.730174983299396701e-05
3.894822401093118503e-04
2.827260192487834976e-03
7.927471108227992710e-03
1.511921853140616237e-02
2.266777157751335287e-02
2.815848860072627663e-02
2.937872442930722014e-02
2.530961874944891860e-02
1.686621501256082775e-02
7.076707059583378819e-03
5.590227691756040167e-04
2.382625245189474387e-03
1.661798636352954453e-02
4.500075985237168841e-02
8.612681806602011381e-02
1.354483032748311500e-01
1.861061611266642823e-01
2.303873728095662543e-01
2.614145522298289004e-01
2.746170708094561874e-01
2.686100753211143055e-01
2.452900825146141772e-01
2.091811538196229614e-01
1.662629123234604656e-01
1.226246746108749230e-01
8.329413698169364777e-02
5.149592862185883857e-02
2.844474055034542162e-02
1.362155857795436381e-02
5.365772244540418720e-03
1.567196826489338857e-03
2.623408574625591934e-04
9.551255682047647612e-06
7.575455615587736014e-06
1.382696784035547743e-06
6.696367957460961425e-05
3.765029275048400971e-04
1.022801979319202170e-03
1.941731431268118148e-03
2.930008469987765724e-03
3.725687757469581946e-03
4.106569529291566323e-03
3.966586829496135218e-03
3.346435249670373386e-03
2.414547517128077300e-03
1.411111017018904781e-03
5.769760615024722636e-04
9.004125021985266448e-05
2.574724280653147189e-05
3.488664954449311514e-04
9.342349084546454265e-04
1.607012576200126134e-03
2.189772723640818694e-03
2.544191981435421548e-03
2.598412212037552911e-03
2.355874897970688681e-03
1.886220177247137841e-03
1.302645707051339630e-03
7.323507079773375556e-04
2.872140587680511808e-04
4.088639539460230100e-05
1.644198129264823070e-05
1.861539705035946345e-04
4.823426421851762088e-04
8.160548984351726973e-04
1.098924271770261715e-03
1.263153609769689751e-03
1.275223070978604529e-03
1.140523382028435636e-03
8.983278755508425275e-04
6.088647695655554628e-04
3.361752769537803024e-04
1.314364932440852715e-04
2.118093672919912863e-05
3.364968511581890658e-06
5.189654863083125510e-05
1.276974413389471528e-04
1.924296280592228850e-04
2.203194884246850174e-04
2.043384476376629744e-04
1.551136176762796346e-04
9.362369802332386941e-05
4.100830278067914124e-05
9.802106759938101046e-06
1.721207824198480929e-07
2.526158462227204666e-06
5.038331329634720898e-06
2.375486153174002186e-06
1.226355335207802060e-06
1.951659683391302475e-05
7.899653345049184236e-05
1.940409221411128779e-04
3.615990431327925224e-04
5.572246660843284708e-04
7.398437236981183704e-04
8.642361942559830413e-04
8.966885045540666900e-04
8.275235728129907639e-04
6.751498528923911488e-04
4.796340042802214637e-04
2.882147856344078056e-04
1.387029369442985011e-04
4.772356085357142041e-05
8.697744309041454926e-06
1.533948905740145906e-07
2.857864588476300353e-07
7.736327800762112591e-07
1.308006118755980519e-05
6.382193003294555148e-05
1.808333328260914295e-04
3.760351486691713074e-04
6.330928694950005518e-04
9.061775232831818490e-04
1.131576393072195258e-03
1.248371280258717348e-03
1.220304787720924910e-03
1.050086526572763680e-03
7.801695621909793613e-04
4.793169596875556911e-04
2.198872839650549654e-04
5.438975530914337911e-05
4.068043428516080543e-08
3.677464773347592289e-05
1.188125171701477715e-04
1.946448497473750327e-04
2.272279367568411622e-04
2.064523776111789602e-04
1.493343992582883673e-04
8.849295442009171150e-05
5.429266531012577932e-05
5.871221268684535891e-05
8.855153798401235960e-05
1.121983110188353865e-04
9.907771880489185635e-05
4.589923561826860464e-05
6.182739227624174557e-07
7.472830578753604633e-05
4.372311418164528973e-04
1.288547205828635732e-03
2.818357469783594905e-03
5.156207518609833354e-03
8.326407138304644726e-03
1.221858883510671887e-02
1.658232687723561194e-02
2.104920676449555800e-02
2.517986525792187055e-02
2.852812072584175879e-02
3.071054422498101927e-02
3.146844895007737397e-02
3.071054422498069661e-02
2.852812072584506517e-02
2.517986525792734881e-02
2.104920676449289693e-02
1.658232687725181079e-02
1.221858883510435270e-02
8.326407138283694470e-03
5.156207518611958390e-03
2.818357469776352868e-03
1.288547205830648228e-03
4.372311418145720776e-04
7.472830578887557811e-05
6.182739227413763103e-07
4.589923561877005492e-05
9.907771880410652806e-05
1.121983110186186680e-04
8.855153798453625964e-05
5.871221268677391677e-05
5.429266530961835238e-05
8.849295441950242051e-05
1.493343992599409896e-04
2.064523776119148624e-04
2.272279367583928994e-04
1.946448497494936722e-04
1.188125171711788342e-04
3.677464773295877201e-05
4.068043428662299605e-08
5.438975530889015691e-05
2.198872839650192681e-04
4.793169596891766818e-04
7.801695621914793953e-04
1.050086526575629009e-03
1.220304787718030090e-03
1.248371280257560721e-03
1.131576393073729404e-03
9.061775232864728363e-04
6.330928694972314062e-04
3.760351486713698526e-04
1.808333328248759033e-04
6.382193003360211721e-05
1.308006118754234615e-05
7.736327801739303798e-07
2.857864588609280291e-07
1.533948905644744849e-07
8.697744309004188865e-06
4.772356085371286136e-05
1.387029369454672440e-04
2.882147856334505093e-04
4.796340042813830779e-04
6.751498528906510043e-04
8.275235728133590674e-04
8.966885045546652781e-04
8.642361942559103997e-04
7.398437236966421207e-04
5.572246660864889605e-04
3.615990431328690129e-04
1.940409221363695747e-04
7.899653344978288256e-05
1.951659683360889249e-05
1.226355335137655026e-06
2.375486153280135838e-06
5.038331329233059569e-06
2.526158462473394792e-06
1.721207824415265777e-07
9.802106760031040889e-06
4.100830278067117913e-05
9.362369802332344928e-05
1.551136176756452408e-04
2.043384476377733733e-04
2.203194884253523709e-04
1.924296280592214213e-04
1.276974413391159630e-04
5.189654863057079586e-05
3.364968511745721229e-06
2.118093672907682724e-05
1.314364932440854612e-04
3.361752769558013637e-04
6.088647695674419746e-04
8.983278755542362971e-04
1.140523382027784031e-03
1.275223070977818266e-03
1.263153609773052079e-03
1.098924271771881296e-03
8.160548984349850219e-04
4.823426421855306345e-04
1.861539705031370741e-04
1.644198129203243775e-05
4.088639539478692030e-05
2.872140587680502050e-04
7.323507079773409166e-04
1.302645707053492422e-03
1.886220177245820752e-03
2.355874897970051604e-03
2.598412212037159996e-03
2.544191981433268756e-03
2.189772723644712281e-03
1.607012576203587558e-03
9.342349084546427160e-04
3.488664954442167163e-04
2.574724280650487844e-05
9.004125022104726554e-05
5.769760615026676368e-04
1.411111017018908467e-03
2.414547517120995725e-03
3.346435249677236819e-03
3.966586829495410971e-03
4.106569529293181350e-03
3.725687757475887232e-03
2.930008469988719388e-03
1.941731431262053989e-03
1.022801979319203471e-03
3.765029275048358145e-04
6.696367957524483475e-05
1.382696784074473778e-06
7.575455615944306392e-06
9.551255682046841237e-06
2.623408574631538241e-04
1.567196826490410916e-03
5.365772244542593196e-03
1.362155857795437595e-02
2.844474055034539040e-02
5.149592862184270564e-02
8.329413698166633628e-02
1.226246746108549390e-01
1.662629123234733164e-01
2.091811538195699760e-01
2.452900825146002439e-01
2.686100753211163594e-01
2.746170708094562429e-01
2.614145522298045310e-01
2.303873728094964490e-01
1.861061611267032512e-01
1.354483032748732829e-01
8.612681806599238599e-02
4.500075985238072285e-02
1.661798636353447114e-02
2.382625245196854334e-03
5.590227691755492645e-04
7.076707059580129681e-03
1.686621501253805777e-02
2.530961874944282625e-02
2.937872442928837063e-02
2.815848860072624540e-02
2.266777157751496269e-02
1.511921853140669840e-02
7.927471108235098138e-03
2.827260192483469110e-03
3.894822401103324640e-04
5.730174983373614406e-05
6.289172912034818970e-04
9.584565299031490293e-04
5.827527833761127511e-04
2.583236811493230752e-05
6.627986390060901538e-04
4.190636285957932868e-03
1.189632423304930187e-02
2.398574748642049934e-02
3.921932231864106583e-02
5.500270954831386339e-02
6.793868374710260172e-02
7.470582091293807847e-02
7.303329981941163174e-02
6.251395729431227788e-02
4.504229954739545627e-02
2.476224896956344748e-02
7.529989602411820034e-03
7.070865987807662751e-06
8.571805709827047884e-03
3.826049717261346267e-02
9.192466391365243517e-02
1.697311166973609065e-01
2.690553380233591252e-01
3.847461357697898876e-01
5.096844230387544972e-01
6.355289575254535750e-01
7.535369223669191596e-01
8.553618248688598102e-01
9.337568600454471124e-01
9.831399226066017683e-01
