1.000000000000000000e+00
9.839992944121985774e-01
9.371353337705446984e-01
8.627321069195846848e-01
7.660323840174489973e-01
6.537680443319767720e-01
5.335933217769479597e-01
4.134203877156273910e-01
3.007117594489321921e-01
2.017977181227604555e-01
1.212955592883428052e-01
6.170704543962225036e-02
2.325759533814669364e-02
4.014225614692053072e-03
2.807742302627325116e-04
7.223682087962864790e-03
1.963796603215520534e-02
3.273075055189089699e-02
4.278855051069682669e-02
4.760995153161215465e-02
4.662806622986136879e-02
4.071020548257694299e-02
3.169252056901332437e-02
2.176792855378129748e-02
1.287983851553910382e-02
6.270745377913262628e-03
2.291717243287280919e-03
5.054332873821464111e-04
3.078599950730648754e-05
5.298202309554836392e-06
5.058632641698814331e-06
2.738418020462572450e-04
1.672787042687595011e-03
5.353397130267909497e-03
1.225243921896223068e-02
2.257670104349725204e-02
3.546412272990158432e-02
4.896594930336142792e-02
6.040169137642888153e-02
6.702148921964184991e-02
6.680512111119751850e-02
5.916777774594750294e-02
4.535117514235768865e-02
2.835540209622839855e-02
1.239137809472565591e-02
1.969720400333681894e-03
8.486574850707796075e-04
1.110924209598770571e-02
3.259680060357681569e-02
6.287211366071936147e-02
9.768250647440718248e-02
1.318303691098877406e-01
1.602215051715184524e-01
1.788423633707838800e-01
1.854488475903016687e-01
1.798359762142365259e-01
1.636695016600493990e-01
1.399656529462217358e-01
1.123766342806350876e-01
8.446291540468035819e-02
5.910909999113502650e-02
3.818147134263226439e-02
2.245266476008799320e-02
1.175321360792644897e-02
5.266430700262543160e-03
1.868912611307455311e-03
4.315741424951383544e-04
2.657892271688782647e-05
2.203799692853804934e-05
7.811341937773109891e-05
7.812639142641107659e-05
3.423131724447434082e-05
1.246307625054006458e-06
1.912860118176048488e-05
8.983764205545445775e-05
1.824334645109280603e-04
2.537301793393162094e-04
2.709904296116820909e-04
2.266549574584464724e-04
1.407221704488338383e-04
5.189061412014504972e-05
2.337343849754816659e-06
2.232685650229277485e-05
1.199056099409328825e-04
2.785177252285325452e-04
4.625066187442622673e-04
6.280688491062272425e-04
7.359062285079953332e-04
7.617670662359643042e-04
7.020908458984662310e-04
5.736330701279537250e-04
4.077146074944149544e-04
2.411326776290833467e-04
1.064700903782052067e-04
2.444092942451861971e-05
1.211483367505464136e-07
2.369808017955041000e-05
7.509567904071497223e-05
1.308116525789048323e-04
1.708387043962724370e-04
1.836834839152874763e-04
1.682180207436126461e-04
1.321469335839026539e-04
8.793858149167623232e-05
4.782165391994017112e-05
1.965625067790759990e-05
5.083248690967054239e-06
4.685175674424372090e-07
8.762377971803419362e-08
1.189752282764555115e-07
1.659054157263328105e-06
1.130518298746790862e-05
3.878698138942588558e-05
9.235082228438188322e-05
1.736524516345818348e-04
2.743549418596650039e-04
3.762189708664056566e-04
4.552797591994405132e-04
4.891207752440871392e-04
4.648714989518861027e-04
3.849546312466510479e-04
2.681170993375449254e-04
1.448173552009399156e-04
4.810359344187992316e-05
2.936090091041270292e-06
1.773665490296747599e-05
8.138295880660988721e-05
1.670003394682657470e-04
2.414155961663281148e-04
2.769333208852029437e-04
2.610966739528256713e-04
2.007438584771525643e-04
1.187913280227985478e-04
4.497574940928883859e-05
4.169073257954669134e-06
6.871870195171130934e-06
4.565031167983885774e-05
9.890770141227828215e-05
1.404066289398166602e-04
1.505874951067867726e-04
1.249492714236474322e-04
7.592253897467207192e-05
2.733474251360411888e-05
3.677278719155002710e-06
1.866304971248663715e-05
6.806486409409150400e-05
1.302683571060011625e-04
1.749694332595394357e-04
1.770967401287682364e-04
1.306977204395983448e-04
5.711046370285802621e-05
3.478512565863222683e-06
3.096166244836579933e-05
1.956868118598557469e-04
5.282510218321279918e-04
1.018466310687232224e-03
1.610700880504961326e-03
2.212082119177271981e-03
2.711997136572913848e-03
3.007981788273789842e-03
3.031242407033789884e-03
2.765197211309718909e-03
2.252409680887684697e-03
1.588428126583641157e-03
9.043785884244609106e-04
3.427544827762948713e-04
3.208503943938342205e-05
6.587254945315652540e-05
4.896327072222136706e-04
1.297615004582886164e-03
2.438491675990819840e-03
3.827542402960936938e-03
5.361961875295926175e-03
6.935928693975514266e-03
8.452810615135756406e-03
9.833018980272676193e-03
1.101721756775131400e-02
1.196556443058816553e-02
1.265427078836281645e-02
1.307097761843919494e-02
1.321034952554196555e-02
1.307097761843856003e-02
1.265427078835965058e-02
1.196556443058774399e-02
1.101721756775271913e-02
9.833018980270807896e-03
8.452810615132170732e-03
6.935928693971985838e-03
5.361961875293755168e-03
3.827542402991411259e-03
2.438491675991049691e-03
1.297615004580568356e-03
4.896327072249576778e-04
6.587254945337173953e-05
3.208503943982984229e-05
3.427544827790126409e-04
9.043785884262602525e-04
1.588428126579945979e-03
2.252409680887132188e-03
2.765197211316280934e-03
3.031242407028323337e-03
3.007981788271432786e-03
2.711997136571386424e-03
2.212082119175020744e-03
1.610700880506014737e-03
1.018466310687425212e-03
5.282510218321590000e-04
1.956868118599677992e-04
3.096166244755400973e-05
3.478512565990790927e-06
5.711046370273080186e-05
1.306977204389766362e-04
1.770967401289024064e-04
1.749694332614321545e-04
1.302683571053637600e-04
6.806486409365631880e-05
1.866304971248471947e-05
3.677278719373766757e-06
2.733474251355195859e-05
7.592253897531252369e-05
1.249492714230721817e-04
1.505874951056938155e-04
1.404066289390138085e-04
9.890770141021373082e-05
4.565031168118799149e-05
6.871870195046467166e-06
4.169073257954509045e-06
4.497574940948049842e-05
1.187913280226396580e-04
2.007438584765666343e-04
2.610966739545969866e-04
2.769333208848713947e-04
2.414155961666733248e-04
1.670003394687499788e-04
8.138295880712877281e-05
1.773665490333880507e-05
2.936090091011176905e-06
4.810359344192571715e-05
1.448173552006942354e-04
2.681170993383922294e-04
3.849546312455312297e-04
4.648714989516808632e-04
4.891207752458713023e-04
4.552797592029605381e-04
3.762189708670879451e-04
2.743549418596741654e-04
1.736524516337637771e-04
9.235082228468110947e-05
3.878698138920037153e-05
1.130518298727597434e-05
1.659054157318326166e-06
1.189752282764475308e-07
8.762377971386688416e-08
4.685175674588617601e-07
5.083248690926880314e-06
1.965625067757328616e-05
4.782165391994043540e-05
8.793858149092212905e-05
1.321469335834625221e-04
1.682180207431814589e-04
1.836834839150925638e-04
1.708387043976247895e-04
1.308116525798901553e-04
7.509567904131965888e-05
2.369808017948715358e-05
1.211483367503925712e-07
2.444092942426605481e-05
1.064700903778167235e-04
2.411326776291511907e-04
4.077146074946448053e-04
5.736330701279560018e-04
7.020908458989831786e-04
7.617670662348616705e-04
7.359062285079917554e-04
6.280688491058117762e-04
4.625066187441033774e-04
2.785177252255622107e-04
1.199056099405733611e-04
2.232685650229281551e-05
2.337343849827763983e-06
5.189061412025869444e-05
1.407221704473190995e-04
2.266549574584460658e-04
2.709904296116785673e-04
2.537301793404473033e-04
1.824334645118302249e-04
8.983764205637367146e-05
1.912860118186915243e-05
1.246307625060155282e-06
3.423131724381444794e-05
7.812639142635522662e-05
7.811341937773244061e-05
2.203799692853858805e-05
2.657892271679519156e-05
4.315741424941584524e-04
1.868912611309957433e-03
5.266430700255311965e-03
1.175321360791482111e-02
2.245266476009430412e-02
3.818147134263619180e-02
5.910909999113506813e-02
8.446291540468038594e-02
1.123766342806533786e-01
1.399656529462141585e-01
1.636695016600221986e-01
1.798359762142343610e-01
1.854488475902265066e-01
1.788423633707885152e-01
1.602215051716008309e-01
1.318303691098178798e-01
9.768250647444484680e-02
6.287211366072076313e-02
3.259680060356098807e-02
1.110924209598589639e-02
8.486574850707745117e-04
1.969720400339058670e-03
1.239137809472099123e-02
2.835540209622965449e-02
4.535117514235770947e-02
5.916777774596661266e-02
6.680512111122104135e-02
6.702148921963654860e-02
6.040169137643929681e-02
4.896594930336144874e-02
3.546412272991091713e-02
2.257670104348721840e-02
1.225243921896175536e-02
5.353397130265146950e-03
1.672787042689550911e-03
2.738418020474871640e-04
5.058632641759184063e-06
5.298202309696489100e-06
3.078599950805689775e-05
5.054332873818588806e-04
2.291717243285265604e-03
6.270745377920819950e-03
1.287983851553615999e-02
2.176792855377022648e-02
3.169252056900907777e-02
4.071020548258286187e-02
4.662806622988014543e-02
4.760995153161211996e-02
4.278855051068552323e-02
3.273075055188252175e-02
1.963796603216973885e-02
7.223682087961582829e-03
2.807742302611697968e-04
4.014225614700866335e-03
2.325759533816251431e-02
6.170704543959904670e-02
1.212955592883155492e-01
2.017977181226754679e-01
3.007117594489155388e-01
4.134203877156398255e-01
5.335933217769401882e-01
6.537680443319844326e-01
7.660323840174780852e-01
8.627321069195927894e-01
9.371353337705647935e-01
9.839992944122094576e-01
