8.765077841312009232e-03
9.277902767532498693e-03
1.087993936992167308e-02
1.374438880209290920e-02
1.810430890923423602e-02
2.417823633236484276e-02
3.208305263293409482e-02
4.174866506346933126e-02
5.285001992800879289e-02
6.477092156779293286e-02
7.661108658526795401e-02
8.724303304966214700e-02
9.541921649432402730e-02
9.992290016930999164e-02
9.974935483851495033e-02
9.429797074083830222e-02
8.355157007684684001e-02
6.821736402526358545e-02
4.980512689739614862e-02
3.062248529946321254e-02
1.367459948809906026e-02
2.465408231027998477e-03
7.090960383864100330e-04
1.197228592013410871e-02
3.927828895903613671e-02
8.471291419374335496e-02
1.490759239401465985e-01
2.316217743575310073e-01
3.299277750861775438e-01
4.399171617073509566e-01
5.560497261280460402e-01
6.716750220939027294e-01
7.795246860791246180e-01
8.723032792299686422e-01
9.433234472223402944e-01
9.871229955040287107e-01
9.999999999991845412e-01
9.804078500279190811e-01
9.291647887884149082e-01
8.494508265828497606e-01
7.465868427167163812e-01
6.276137347347332529e-01
5.007108905301446145e-01
3.745104804712612867e-01
2.573750227599008733e-01
1.567090717669519795e-01
7.837136861857256498e-02
2.624201517701404973e-02
1.981717541952806878e-03
4.999081164226296461e-03
3.261996602172766851e-02
8.043244393085928479e-02
1.427645140818741276e-01
2.132407949609404219e-01
2.853600549603662051e-01
3.530376369719163687e-01
4.110648506548337244e-01
4.554498728190140011e-01
4.836198082413552535e-01
4.944793672073059532e-01
4.883362663451127905e-01
4.667154389571933071e-01
4.320924167436017704e-01
3.875803408148157381e-01
3.366050503688396422e-01
2.825991274920146568e-01
2.287395324936694896e-01
1.777456168726259111e-01
1.317459475696659832e-01
9.221450223742549968e-02
5.997017246705455690e-02
3.522863956015597625e-02
1.769277861093728269e-02
6.666753120084635033e-03
1.179628385330373135e-03
1.062658228391706469e-04
2.275964878632672807e-03
6.562547641942761273e-03
1.195233605756431880e-02
1.758954268615418176e-02
2.280043056747751984e-02
2.709924907859861259e-02
3.017976099517983429e-02
3.189645835654277700e-02
3.223938343999932510e-02
3.130596789953069004e-02
2.927261445880859417e-02
2.636799238446068186e-02
2.284929610921160315e-02
1.898209273639991576e-02
1.502389726163292152e-02
1.121127801554865945e-02
7.750103428797768500e-03
4.808475323206217421e-03
2.511925599281738739e-03
9.405503089477399619e-04
1.278847755281470289e-04
6.145420892277542668e-05
6.850394390457810933e-04
1.902754196040470740e-03
3.585021276317625766e-03
5.576462175988259468e-03
7.705567510967482707e-03
9.795821538590977068e-03
1.167772876682302528e-02
1.320097015941966261e-02
1.424573812712156065e-02
1.473220203501299230e-02
1.462707264052813191e-02
1.394638635642711337e-02
1.275392287608360757e-02
1.115508570036289129e-02
9.286575443352720893e-03
7.302711715977788266e-03
5.359738802094142149e-03
3.599807411305568604e-03
2.136491914388582557e-03
1.043632513481754578e-03
3.489687633606391418e-04
3.347658189480326631e-05
3.659596593103556705e-05
2.667358070192549029e-04
6.156795406428312292e-04
9.749128843687114880e-04
1.251555370543286491e-03
1.381571555103871998e-03
1.338287307095536137e-03
1.134905309544120226e-03
8.206119031076015676e-04
4.708610516493880985e-04
1.733537344491545751e-04
1.194793645430830462e-05
5.110943477926281213e-05
3.234747909980713234e-04
8.226333490143569347e-04
1.502417167398749408e-03
2.282933554700248419e-03
3.062461127229471145e-03
3.733338064929430863e-03
4.199269884964291349e-03
4.391196553354488087e-03
4.279040892092889591e-03
3.877290134416841623e-03
3.243343346335642984e-03
2.468733292658146714e-03
1.664512830760827688e-03
9.430917717501969113e-04
3.994586261118359847e-04
9.491694668835894122e-05
4.617194427809809227e-05
2.218702397093695025e-04
5.476310763341956126e-04
9.193357577331451834e-04
1.223261298180183462e-03
1.360554401770021696e-03
1.272858391371481639e-03
9.656193751518656531e-04
5.257773557005199867e-04
1.311517134840897128e-04
4.976804160180180544e-05
6.285111703432493804e-04
2.271724992973872970e-03
5.411405455570520752e-03
1.047164639468532200e-02
1.783049289031621992e-02
2.778264723536160580e-02
4.050634886370261395e-02
5.603732631501040506e-02
7.425204913240000815e-02
9.486167881372260802e-02
1.174172235405797488e-01
1.413255288887578509e-01
1.658749591302179915e-01
1.902689941865961798e-01
2.136655167314985282e-01
2.352193020519764421e-01
2.541251420804036543e-01
2.696591133962972231e-01
2.812157085495493036e-01
2.883388598982841167e-01
2.907452661990624354e-01
2.883388598982545292e-01
2.812157085495975983e-01
2.696591133962695785e-01
2.541251420803140038e-01
2.352193020520495226e-01
2.136655167314193415e-01
1.902689941867796997e-01
1.658749591298230297e-01
1.413255288887531325e-01
1.174172235404980363e-01
9.486167881372979671e-02
7.425204913242226812e-02
5.603732631512972628e-02
4.050634886367127790e-02
2.778264723542553036e-02
1.783049289031682014e-02
1.047164639469852845e-02
5.411405455545650889e-03
2.271724992970416968e-03
6.285111703490357674e-04
4.976804160041342357e-05
1.311517134870882637e-04
5.257773557040249955e-04
9.656193751686849899e-04
1.272858391368440452e-03
1.360554401772518397e-03
1.223261298200914926e-03
9.193357577309563960e-04
5.476310763386402995e-04
2.218702397025218442e-04
4.617194427961478947e-05
9.491694668515554393e-05
3.994586261072838535e-04
9.430917717361481448e-04
1.664512830744509144e-03
2.468733292649728968e-03
3.243343346335869799e-03
3.877290134448382365e-03
4.279040892107141211e-03
4.391196553329889708e-03
4.199269884952219409e-03
3.733338064937102244e-03
3.062461127226102312e-03
2.282933554700015532e-03
1.502417167406120031e-03
8.226333490235253820e-04
3.234747909949255108e-04
5.110943477851870385e-05
1.194793645436095280e-05
1.733537344461657278e-04
4.708610516538328937e-04
8.206119031106048076e-04
1.134905309539266469e-03
1.338287307098777685e-03
1.381571555102634056e-03
1.251555370544368091e-03
9.749128843821537518e-04
6.156795406456011489e-04
2.667358070179630760e-04
3.659596593098585638e-05
3.347658189485623636e-05
3.489687633625044032e-04
1.043632513499808496e-03
2.136491914393964971e-03
3.599807411321688522e-03
5.359738802106918387e-03
7.302711715967815341e-03
9.286575443335547131e-03
1.115508570036025104e-02
1.275392287604959485e-02
1.394638635642717582e-02
1.462707264052731312e-02
1.473220203501789984e-02
1.424573812712523306e-02
1.320097015941834075e-02
1.167772876682305651e-02
9.795821538577819190e-03
7.705567510952805212e-03
5.576462175996711040e-03
3.585021276311939776e-03
1.902754196042476947e-03
6.850394390415308040e-04
6.145420892403948444e-05
1.278847755293068542e-04
9.405503089488919267e-04
2.511925599284698177e-03
4.808475323163864147e-03
7.750103428791190428e-03
1.121127801554852241e-02
1.502389726162559232e-02
1.898209273640703507e-02
2.284929610920976781e-02
2.636799238446068880e-02
2.927261445880521840e-02
3.130596789954952913e-02
3.223938344004661366e-02
3.189645835655427475e-02
3.017976099517983776e-02
2.709924907861161608e-02
2.280043056750703442e-02
1.758954268607247975e-02
1.195233605756621659e-02
6.562547641942763008e-03
2.275964878639482030e-03
1.062658228443632029e-04
1.179628385332353755e-03
6.666753120078089921e-03
1.769277861094507159e-02
3.522863956006665187e-02
5.997017246691687536e-02
9.221450223742552743e-02
1.317459475696660109e-01
1.777456168726794794e-01
2.287395324936466467e-01
2.825991274920211516e-01
3.366050503688386430e-01
3.875803408144051221e-01
4.320924167437458774e-01
4.667154389571803175e-01
4.883362663451129015e-01
4.944793672073061197e-01
4.836198082413168953e-01
4.554498728190046752e-01
4.110648506547076031e-01
3.530376369718781771e-01
2.853600549602900993e-01
2.132407949609370357e-01
1.427645140818833980e-01
8.043244393105153378e-02
3.261996602167193532e-02
4.999081164215138720e-03
1.981717541948960996e-03
2.624201517702045086e-02
7.837136861858712278e-02
1.567090717668961908e-01
2.573750227599077012e-01
3.745104804712357516e-01
5.007108905297896762e-01
6.276137347347293671e-01
7.465868427167556831e-01
8.494508265828039084e-01
9.291647887882281687e-01
9.804078500279185260e-01
1.000000000000000000e+00
9.871229955037571502e-01
9.433234472222109535e-01
8.723032792298868188e-01
7.795246860790228105e-01
6.716750220940747029e-01
5.560497261281431847e-01
4.399171617072061280e-01
3.299277750861510095e-01
2.316217743574842391e-01
1.490759239400530622e-01
8.471291419385093557e-02
3.927828895895972561e-02
1.197228592012606480e-02
7.090960383983036224e-04
2.465408230998413202e-03
1.367459948814316907e-02
3.062248529946333397e-02
4.980512689731973058e-02
6.821736402552690259e-02
8.355157007675073633e-02
9.429797074084975139e-02
9.974935483847403861e-02
9.992290016936893060e-02
9.541921649437745678e-02
8.724303304967408190e-02
7.661108658525450643e-02
6.477092156781089072e-02
5.285001992843422342e-02
4.174866506338128364e-02
3.208305263294609910e-02
2.417823633234051847e-02
1.810430890919827521e-02
1.374438880207430255e-02
1.087993936991395183e-02
9.277902767534524850e-03
