4.151902987565676550e-01
4.078746255149741651e-01
3.865399645409482998e-01
3.529577390870656806e-01
3.098687748212798909e-01
2.606907880726825888e-01
2.091559073178753669e-01
1.589194526170128463e-01
1.131851869456419052e-01
7.439129142022100905e-02
4.399526221246079227e-02
2.238515714972909992e-02
8.930050299442994846e-03
2.165607582846865772e-03
9.322333116222258844e-05
5.551674221260770054e-04
1.636227426014070455e-03
2.035182441506948152e-03
1.350479737279901976e-03
2.319755648448474229e-04
3.661544510436068605e-04
4.283401631196457997e-03
1.500068174105206181e-02
3.553815080107386448e-02
6.837024099629995799e-02
1.148871105351075977e-01
1.749481543356124214e-01
2.466037446043730652e-01
3.260442504519873719e-01
4.078081275782905468e-01
4.852465989855187511e-01
5.512056383399540627e-01
5.988518616526636862e-01
6.225427850698155297e-01
6.186281557968473788e-01
5.860705698456483148e-01
5.267910738241804447e-01
4.456772372414860572e-01
3.502333427103769270e-01
2.498991840687120325e-01
1.551088613804799121e-01
7.619736527427338479e-02
2.228520498792786741e-02
2.763946790110231454e-04
1.409187040730882495e-02
6.423068853315457016e-02
1.477094222573204496e-01
2.583820642892300512e-01
3.875953095131053905e-01
5.250939237330262133e-01
6.600633287687110995e-01
7.821848399381188255e-01
8.825840154442583518e-01
9.545726956687551334e-01
9.941168269882368902e-01
9.999999999996904698e-01
9.736911858949278686e-01
9.189591871392555067e-01
8.413017006776550843e-01
7.472711166321299725e-01
6.437815664936870075e-01
5.374733493048314825e-01
4.341941382751736689e-01
3.386345931839281898e-01
2.541327274260390401e-01
1.826398628126278401e-01
1.248237863939132414e-01
8.027335394735213292e-02
4.776376213856817210e-02
2.554257868179948474e-02
1.160219306265139125e-02
3.913016681307457563e-03
6.017890440058643086e-04
6.915611177823572872e-05
1.049032614762746441e-03
2.618458050625555554e-03
4.170121252556839749e-03
5.361107531065333574e-03
6.050461507371224928e-03
6.236037457119672674e-03
5.998140156243728788e-03
5.454364669115654984e-03
4.727261212965121195e-03
3.924283312829671654e-03
3.128054377961723021e-03
2.394294238029531351e-03
1.754662020025423742e-03
1.222114826222224591e-03
7.969580131377097332e-04
4.723984460674181501e-04
2.389773832159115309e-04
8.767998550083484018e-05
1.177264296502917822e-05
7.528810600416280419e-06
7.401798219515472329e-05
2.121072248993859598e-04
4.228108685366815662e-04
7.051555562930588794e-04
1.053805387719456256e-03
1.456802706304793395e-03
1.893882633545902966e-03
2.335869524928226720e-03
2.745619318589931704e-03
3.080808635803622408e-03
3.298590996372087816e-03
3.361774654398400584e-03
3.245785631657122604e-03
2.945343124319127481e-03
2.479576817425600994e-03
1.894327660209621251e-03
1.260635006699191516e-03
6.689181786986806441e-04
2.190522938641514534e-04
7.311701134254651036e-06
1.118677957321247824e-04
5.790463931383672911e-04
1.412707500722132402e-03
2.568891127935708698e-03
3.957192813614520376e-03
5.449329668892799808e-03
6.894150967973976078e-03
8.137158883366253648e-03
9.041661528206474535e-03
9.508185917835894688e-03
9.488866657045749720e-03
8.994226943742895594e-03
8.090992213463482977e-03
6.891122600685117491e-03
5.533838827427649092e-03
4.163740588627908544e-03
2.908904625475129940e-03
1.862921509093473779e-03
1.074140569175099100e-03
5.440475681343371868e-04
2.349425867576948959e-04
8.525190744451266727e-05
2.926066543178339337e-05
1.710977643928715756e-05
3.076577216674418821e-05
9.239291737814770930e-05
2.630102345903461087e-04
6.312299985040151174e-04
1.293880781849373078e-03
2.332026475990652773e-03
3.786966184581868136e-03
5.641023375044676956e-03
7.807254105488511606e-03
1.013074352616551502e-02
1.240218395926548367e-02
1.438229674192453324e-02
1.583375681116408473e-02
1.655593763607724964e-02
1.641723909197127795e-02
1.538007055145540654e-02
1.351466032650437687e-02
1.099954254056692733e-02
8.108537151764037831e-03
5.185960768835535910e-03
2.613385281328719622e-03
7.722749895022793616e-04
7.167404578564349745e-06
5.937028959538704362e-04
2.714942662122465933e-03
6.448014604338564611e-03
1.176179374168999023e-02
1.852483115091861296e-02
2.652165539173332795e-02
3.547479589788472831e-02
4.506955219826314085e-02
5.497862208208570411e-02
6.488413387628444440e-02
7.449529225342516048e-02
8.356061891258115271e-02
9.187453187636868135e-02
9.927866654842400218e-02
1.056588376040437927e-01
1.109388480734155163e-01
1.150724764673170114e-01
1.180349427411313268e-01
1.198150093311164260e-01
1.204086557819306208e-01
1.198150093311148023e-01
1.180349427411349905e-01
1.150724764673302786e-01
1.109388480734099930e-01
1.056588376040575455e-01
9.927866654841076277e-02
9.187453187634765650e-02
8.356061891255567309e-02
7.449529225339690530e-02
6.488413387626305873e-02
5.497862208203594531e-02
4.506955219830485054e-02
3.547479589787944781e-02
2.652165539172066100e-02
1.852483115096794503e-02
1.176179374165585954e-02
6.448014604348663303e-03
2.714942662132081071e-03
5.937028959559707527e-04
7.167404578613860514e-06
7.722749895083710599e-04
2.613385281323037101e-03
5.185960768854572765e-03
8.108537151770118037e-03
1.099954254055442344e-02
1.351466032649571193e-02
1.538007055144808254e-02
1.641723909200793960e-02
1.655593763606643537e-02
1.583375681112590694e-02
1.438229674193751938e-02
1.240218395926356680e-02
1.013074352616800608e-02
7.807254105500336348e-03
5.641023375056394146e-03
3.786966184565876154e-03
2.332026475986680690e-03
1.293880781863657225e-03
6.312299985014243079e-04
2.630102345911460330e-04
9.239291737689315186e-05
3.076577216631460698e-05
1.710977643970461605e-05
2.926066543194982180e-05
8.525190744327084921e-05
2.349425867607291441e-04
5.440475681347825771e-04
1.074140569168859300e-03
1.862921509099704689e-03
2.908904625471743326e-03
4.163740588624332412e-03
5.533838827445984251e-03
6.891122600680137968e-03
8.090992213436856706e-03
8.994226943772179461e-03
9.488866657047588526e-03
9.508185917841367740e-03
9.041661528204193374e-03
8.137158883376816379e-03
6.894150967953269551e-03
5.449329668882372385e-03
3.957192813613450051e-03
2.568891127930713562e-03
1.412707500720987702e-03
5.790463931385560507e-04
1.118677957338905818e-04
7.311701133819907141e-06
2.190522938670404457e-04
6.689181787029711574e-04
1.260635006697757117e-03
1.894327660209637080e-03
2.479576817421706974e-03
2.945343124326842230e-03
3.245785631651398884e-03
3.361774654393433204e-03
3.298590996372096490e-03
3.080808635796879972e-03
2.745619318581109768e-03
2.335869524920521946e-03
1.893882633544639437e-03
1.456802706297939936e-03
1.053805387716275424e-03
7.051555562899685780e-04
4.228108685390939161e-04
2.121072248993827343e-04
7.401798219522668721e-05
7.528810600640974543e-06
1.177264296500315907e-05
8.767998550083572109e-05
2.389773832156742532e-04
4.723984460670603092e-04
7.969580131376770987e-04
1.222114826223842220e-03
1.754662020021382704e-03
2.394294238033619227e-03
3.128054377955373066e-03
3.924283312813963732e-03
4.727261212965135941e-03
5.454364669136729273e-03
5.998140156250602630e-03
6.236037457131771503e-03
6.050461507367342617e-03
5.361107531065370871e-03
4.170121252560292716e-03
2.618458050618788398e-03
1.049032614758208404e-03
6.915611177749746835e-05
6.017890440069440655e-04
3.913016681314216913e-03
1.160219306267576932e-02
2.554257868179955066e-02
4.776376213856826924e-02
8.027335394736354046e-02
1.248237863938837511e-01
1.826398628127378909e-01
2.541327274260669622e-01
3.386345931836755030e-01
4.341941382750995060e-01
5.374733493048944322e-01
6.437815664936872295e-01
7.472711166321303056e-01
8.413017006776805085e-01
9.189591871390367928e-01
9.736911858950260124e-01
1.000000000000000000e+00
9.941168269878531971e-01
9.545726956690910869e-01
8.825840154444176688e-01
7.821848399379428551e-01
6.600633287689923190e-01
5.250939237329915743e-01
3.875953095129170967e-01
2.583820642889563257e-01
1.477094222573478166e-01
6.423068853315451465e-02
1.409187040740133776e-02
2.763946790089197390e-04
2.228520498789505339e-02
7.619736527426600181e-02
1.551088613804112726e-01
2.498991840687632138e-01
3.502333427104383223e-01
4.456772372414859462e-01
5.267910738240455526e-01
5.860705698455170864e-01
6.186281557968362765e-01
6.225427850697489163e-01
5.988518616527848115e-01
5.512056383399908110e-01
4.852465989855483941e-01
4.078081275783166371e-01
3.260442504519074913e-01
2.466037446044617720e-01
1.749481543356158075e-01
1.148871105351861044e-01
6.837024099626752560e-02
3.553815080107951968e-02
1.500068174105392317e-02
4.283401631194987819e-03
3.661544510412270909e-04
2.319755648448520579e-04
1.350479737269445063e-03
2.035182441520443433e-03
1.636227426008974922e-03
5.551674221237675464e-04
9.322333116107748121e-05
2.165607582838961938e-03
8.930050299443187400e-03
2.238515714975410770e-02
4.399526221243336283e-02
7.439129142021043417e-02
1.131851869457336374e-01
1.589194526170519262e-01
2.091559073178869133e-01
2.606907880726792026e-01
3.098687748212658466e-01
3.529577390870538012e-01
3.865399645409597906e-01
4.078746255149741096e-01
