1.000000000000000000e+00
9.857052419290930345e-01
9.437968010928252660e-01
8.771167507395764007e-01
7.901245923550653805e-01
6.885070358345306563e-01
5.786815216019957075e-01
4.672394649661123500e-01
3.603825731533296661e-01
2.634083584059461747e-01
1.802981671868924551e-01
1.134520945404146192e-01
6.360016266929459372e-02
2.989912877826087292e-02
1.020127288575549060e-02
1.458443448957628692e-03
2.050439091394134594e-04
3.051109993514959304e-03
7.114098674343034660e-03
1.032699785161557068e-02
1.158052832713783037e-02
1.068580217260527848e-02
8.176210015343113660e-03
4.997435517732050532e-03
2.156082089745415663e-03
4.053125694879954554e-04
3.748106884146651960e-05
8.296859624010872450e-04
2.152853841756129354e-03
3.215603494550178625e-03
3.379785877947123589e-03
2.463491055866468948e-03
9.455556674010242527e-04
4.815221032434854995e-06
1.364203883463769402e-03
6.956859168607752025e-03
1.847679818387060191e-02
3.691109514629130339e-02
6.216267290791928357e-02
9.286043480354735924e-02
1.264172064463096323e-01
1.593437859219697106e-01
1.877709418990303469e-01
2.080835529059066880e-01
2.175435221687775922e-01
2.147772945072990991e-01
2.000301355248188528e-01
1.751368343834802943e-01
1.432163176041516273e-01
1.081527869236378753e-01
7.396637243281665997e-02
4.419367643883665570e-02
2.139030599343147779e-02
6.836798415596635065e-03
4.842782853405553701e-04
1.127392747438624295e-03
6.750152609051214558e-03
1.496338370069211048e-02
2.344462085335671797e-02
3.030192973631416070e-02
3.430787318889409743e-02
3.498173777326357703e-02
3.252969511210488524e-02
2.767742811710036110e-02
2.144391901672483905e-02
1.490747042962951158e-02
9.007160532166977318e-03
4.408228513928312380e-03
1.442549623374073933e-03
1.193350972163320254e-04
1.893754394996208419e-04
1.239977293988256662e-03
2.797209360362043311e-03
4.416024486870884919e-03
5.745469509847706165e-03
6.563622481521074609e-03
6.783501813387474502e-03
6.435927866746586103e-03
5.637772786661486915e-03
4.554349880934157289e-03
3.363387617538756043e-03
2.225792731411485939e-03
1.265903379850268290e-03
5.616929649406756774e-04
1.437277807463468744e-04
7.196956073297755673e-07
8.919552518009086497e-05
3.449760328861005117e-04
6.946166522593681582e-04
1.065541763061027486e-03
1.394146207296099093e-03
1.631573006875510672e-03
1.747165392521388833e-03
1.729748834648248438e-03
1.586961724497090373e-03
1.342870148122120169e-03
1.034118352836822363e-03
7.049143020198353092e-04
4.012414052399448342e-04
1.648125764771090436e-04
2.740960634614249980e-05
6.333250900194229074e-06
1.016777305645052222e-04
2.959987190304361106e-04
5.566521803306037847e-04
8.406668796668147637e-04
1.101537675688548388e-03
1.296887621461917557e-03
1.395654554964431476e-03
1.383410618187512747e-03
1.264675917476738723e-03
1.061627808815539817e-03
8.093450967827934195e-04
5.485051084063496734e-04
3.170801383072864880e-04
1.428811148248807536e-04
3.865973462040196880e-05
9.021500768038758504e-07
1.254603831297315858e-05
4.884947890183043623e-05
8.480424840351392772e-05
1.020625937934331243e-04
9.347800397964922648e-05
6.403719403927303597e-05
2.800891911323004040e-05
3.259342644151925918e-06
4.547262767601219540e-06
3.794134910136168448e-05
9.817368109869692916e-05
1.698374196789739126e-04
2.321161584210494025e-04
2.655751110790281820e-04
2.588229612273189014e-04
2.128168066769088682e-04
1.412694189728167459e-04
6.683399197623897305e-05
1.411379229056337862e-05
1.634961808762163175e-06
3.536646397856057540e-05
1.060063878104245083e-04
1.911554778026382294e-04
2.620041880739606825e-04
2.927064193346189482e-04
2.696731702556247074e-04
1.978896476673254262e-04
1.021059806642464626e-04
2.216967421716644840e-05
3.448118595171699799e-06
8.474134536876281145e-05
2.868847956742568957e-04
6.051557759896426759e-04
1.007650431042040294e-03
1.440257318541109631e-03
1.837149180920619358e-03
2.134308905395078913e-03
2.282865807962650151e-03
2.259117274097752898e-03
2.068990526553108993e-03
1.746099685556675319e-03
1.344093849295042477e-03
9.252802475888366983e-04
5.482412748814775904e-04
2.572054268286165469e-04
7.532323865593959847e-05
2.939718113015901296e-06
2.073567745180765438e-05
9.653446442747173493e-05
1.938756950597346040e-04
2.802691818215562744e-04
3.333507296088688166e-04
3.438446661200333151e-04
3.150976550568307410e-04
2.597674258699886828e-04
1.948434971534570648e-04
1.364307975374521155e-04
9.561655419298872817e-05
7.632677281234142457e-05
7.548552345884176971e-05
8.517246687689368956e-05
9.597997367586134313e-05
1.005108196697671036e-04
9.597997367593079983e-05
8.517246687693551266e-05
7.548552345867846176e-05
7.632677281225780548e-05
9.561655419260185773e-05
1.364307975376038767e-04
1.948434971498191599e-04
2.597674258720128341e-04
3.150976550554032804e-04
3.438446661199821407e-04
3.333507296102441813e-04
2.802691818244600931e-04
1.938756950587087319e-04
9.653446442720584790e-05
2.073567745198294615e-05
2.939718113010785641e-06
7.532323865600638532e-05
2.572054268274350918e-04
5.482412748782594615e-04
9.252802475878087662e-04
1.344093849296031052e-03
1.746099685559846394e-03
2.068990526551305314e-03
2.259117274100724479e-03
2.282865807965682881e-03
2.134308905398367082e-03
1.837149180920253332e-03
1.440257318539951486e-03
1.007650431040292343e-03
6.051557759871494446e-04
2.868847956737871109e-04
8.474134536888452670e-05
3.448118595190979540e-06
2.216967421663822849e-05
1.021059806640935765e-04
1.978896476686138107e-04
2.696731702564311370e-04
2.927064193345812722e-04
2.620041880741738908e-04
1.911554778041304439e-04
1.060063878108742625e-04
3.536646397841254792e-05
1.634961808683731736e-06
1.411379229061463766e-05
6.683399197562752368e-05
1.412694189729485849e-04
2.128168066796875700e-04
2.588229612272631192e-04
2.655751110790300793e-04
2.321161584219174961e-04
1.698374196791025803e-04
9.817368109862007277e-05
3.794134910097566785e-05
4.547262767568116646e-06
3.259342644163118611e-06
2.800891911293112248e-05
6.403719403947511770e-05
9.347800397888487750e-05
1.020625937941142743e-04
8.480424840300896056e-05
4.884947890231928943e-05
1.254603831282449582e-05
9.021500766387392599e-07
3.865973462087789967e-05
1.428811148243440193e-04
3.170801383055951868e-04
5.485051084065652128e-04
8.093450967850019393e-04
1.061627808813845860e-03
1.264675917481577084e-03
1.383410618187511879e-03
1.395654554968256324e-03
1.296887621469097361e-03
1.101537675693162969e-03
8.406668796640480966e-04
5.566521803306045436e-04
2.959987190301537844e-04
1.016777305647888224e-04
6.333250900207329285e-06
2.740960634614293009e-05
1.648125764773146625e-04
4.012414052400159036e-04
7.049143020205546773e-04
1.034118352836278960e-03
1.342870148122121471e-03
1.586961724498808617e-03
1.729748834650943331e-03
1.747165392521871086e-03
1.631573006875510672e-03
1.394146207296070904e-03
1.065541763060700057e-03
6.946166522574782854e-04
3.449760328854459789e-04
8.919552517975310889e-05
7.196956073423791000e-07
1.437277807455603670e-04
5.616929649373721134e-04
1.265903379850277398e-03
2.225792731409055591e-03
3.363387617544850126e-03
4.554349880934741024e-03
5.637772786662172998e-03
6.435927866746580898e-03
6.783501813385861209e-03
6.563622481523945576e-03
5.745469509851720315e-03
4.416024486868485796e-03
2.797209360360256112e-03
1.239977293983498966e-03
1.893754394980054620e-04
1.193350972163355491e-04
1.442549623374080221e-03
4.408228513926791027e-03
9.007160532168696429e-03
1.490747042962722521e-02
2.144391901671711259e-02
2.767742811708983133e-02
3.252969511211106085e-02
3.498173777323383693e-02
3.430787318889404885e-02
3.030192973631407050e-02
2.344462085337210497e-02
1.496338370068917879e-02
6.750152609047766795e-03
1.127392747440450959e-03
4.842782853383370925e-04
6.836798415592017231e-03
2.139030599343940894e-02
4.419367643881479818e-02
7.396637243280507201e-02
1.081527869236540568e-01
1.432163176041710562e-01
1.751368343834990571e-01
2.000301355248768620e-01
2.147772945073242179e-01
2.175435221687471998e-01
2.080835529059441302e-01
1.877709418990312351e-01
1.593437859219548891e-01
1.264172064463879586e-01
9.286043480352719481e-02
6.216267290794420808e-02
3.691109514629137278e-02
1.847679818386978312e-02
6.956859168590991127e-03
1.364203883461074076e-03
4.815221032304955716e-06
9.455556674033998481e-04
2.463491055863866429e-03
3.379785877947687808e-03
3.215603494553638531e-03
2.152853841752566666e-03
8.296859623982552005e-04
3.748106884135072003e-05
4.053125694884467545e-04
2.156082089737389532e-03
4.997435517722912009e-03
8.176210015352604332e-03
1.068580217261821258e-02
1.158052832712214153e-02
1.032699785161558977e-02
7.114098674339882668e-03
3.051109993513070624e-03
2.050439091393768134e-04
1.458443448958807219e-03
1.020127288575397098e-02
2.989912877825148807e-02
6.360016266928046613e-02
1.134520945403887787e-01
1.802981671868647273e-01
2.634083584059805916e-01
3.603825731533703003e-01
4.672394649660410737e-01
5.786815216020000374e-01
6.885070358344508312e-01
7.901245923550731520e-01
8.771167507395963847e-01
9.437968010928301510e-01
9.857052419290895928e-01
