1.000000000000000000e+00
9.861887261535822180e-01
9.456895459645127122e-01
8.812226820422344176e-01
7.970507399328441434e-01
6.985991067253968234e-01
5.919763657924375089e-01
4.834414134371725624e-01
3.788700775138771903e-01
2.832751095752062409e-01
2.004289000967489909e-01
1.326280943483394981e-01
8.062404337080394945e-02
4.372401032745597965e-02
2.004727731282926820e-02
6.900340086254506608e-03
1.219100484818990164e-03
1.611252730719932332e-05
7.695257198131439475e-04
1.698889435622850594e-03
1.889721758784522867e-03
1.253859475470169276e-03
3.398219039391405785e-04
3.436455446526242511e-05
1.216852095824065951e-03
4.438240644831010183e-03
9.693421181586454882e-03
1.633911032329276106e-02
2.318148750798145266e-02
2.872319918036108158e-02
3.152463296870549464e-02
3.060662985153693103e-02
2.580728683653000025e-02
1.800818128025605605e-02
9.165883379483709750e-03
2.119961831168000813e-03
1.924448380204190386e-04
6.637296020503771418e-03
2.403294682409352206e-02
5.372852809003762775e-02
9.545111866189093242e-02
1.471564855857577792e-01
2.051640649534342276e-01
2.645660259062691533e-01
3.198501877125700110e-01
3.656371849523851747e-01
3.974113345968779409e-01
4.121261163288089668e-01
4.085884388605296458e-01
3.875659844351873051e-01
3.516107478308850842e-01
3.046398503466531960e-01
2.513528639694825872e-01
1.965866895845640727e-01
1.447115566813630960e-01
9.915595771273674752e-02
6.211874563990673476e-02
3.448991144973630185e-02
1.596512992084215404e-02
5.309589220016425193e-03
7.084286445478462898e-04
1.361250528808729274e-04
1.684498223784547952e-03
3.805575449652551581e-03
5.446985585976667037e-03
6.079287385464668056e-03
5.632690302518534621e-03
4.372460415383479237e-03
2.746889674129083907e-03
1.239570490128362327e-03
2.505083475632908997e-04
2.058588700369861339e-05
6.033915584322376230e-04
1.879396432654914257e-03
3.601170674593253979e-03
5.455319502154009487e-03
7.126881581296802201e-03
8.354414667645545731e-03
8.967928405111975226e-03
8.906231506729247668e-03
8.214299983435884370e-03
7.024365104994619198e-03
5.526280453225154189e-03
3.933342710475642122e-03
2.449299578067643500e-03
1.241087802558653308e-03
4.202489443619600697e-04
3.428667821270136196e-05
6.770444927960822794e-05
4.512579830812526267e-04
1.077149823491850783e-03
1.817493353608326968e-03
2.543340678650921755e-03
3.141837366477646162e-03
3.529560072318632148e-03
3.660733554883278430e-03
3.529739309515704786e-03
3.168051856045507771e-03
2.636407310087595258e-03
2.013561828798844308e-03
1.383378890746536421e-03
8.221474491780185250e-04
3.879481477494304675e-04
1.135485583467055312e-04
3.751369159509287692e-06
3.740966991674687302e-05
1.735632291071036821e-04
3.604623875287607418e-04
5.457587850718922896e-04
6.859561897109677907e-04
7.533855699670249364e-04
7.394829674727067302e-04
6.539204039044871136e-04
5.200187287215283453e-04
3.676699060027426567e-04
2.255307426894175243e-04
1.143842045327028484e-04
4.324810179642169146e-05
9.101031543595324773e-06
1.517181445673596901e-07
1.630356969891686154e-06
2.377029157412123943e-06
2.384164863056005124e-07
4.558660159729568191e-06
3.481205685622794859e-05
1.154950550910041238e-04
2.684941400718509090e-04
5.049665448888668046e-04
8.190687269301942606e-04
1.185526135822771547e-03
1.562115025003189394e-03
1.896847316842064637e-03
2.138350499593432395e-03
2.246977440770965562e-03
2.203849238553538814e-03
2.015449087908109931e-03
1.712464031210563344e-03
1.343042803475033055e-03
9.621106740331457742e-04
6.194516978600361724e-04
3.496303409846804582e-04
1.663609986759605316e-04
6.275321395938910610e-05
1.726954051586992666e-05
3.657060016270382139e-06
1.980622199175241263e-06
7.510468117970896895e-06
3.471434287169914524e-05
1.148591264900517830e-04
2.874239477406274348e-04
5.872336243568934905e-04
1.030502060153128986e-03
1.603501251979727680e-03
2.257202306413503765e-03
2.910048644347306562e-03
3.459290481255692263e-03
3.799428114945717101e-03
3.844698800146134805e-03
3.551544384722070836e-03
2.936813373198100385e-03
2.088097974765830683e-03
1.163926501223330225e-03
3.832397129165565804e-04
5.335093477119195234e-06
3.029420788171167337e-04
1.532055187503027693e-03
3.902472528594067968e-03
7.552684610920006904e-03
1.253193722251364980e-02
1.879115727889630813e-02
2.618319494017328289e-02
3.447170453049300948e-02
4.334711285924109508e-02
5.244759042863094550e-02
6.138276178551838741e-02
6.975801924769164941e-02
7.719765248041897399e-02
8.336547057290794038e-02
8.798207268226586331e-02
9.083833731555653046e-02
9.180499805711947459e-02
9.083833731555318591e-02
8.798207268224979283e-02
8.336547057294609042e-02
7.719765248044822836e-02
6.975801924767525974e-02
6.138276178553567219e-02
5.244759042876868255e-02
4.334711285924867930e-02
3.447170453047632144e-02
2.618319494018304244e-02
1.879115727889936124e-02
1.253193722247680081e-02
7.552684610905301653e-03
3.902472528593099992e-03
1.532055187507237867e-03
3.029420788172524216e-04
5.335093477074465965e-06
3.832397129151135073e-04
1.163926501221515704e-03
2.088097974769628860e-03
2.936813373196273721e-03
3.551544384720674817e-03
3.844698800149530526e-03
3.799428114950282025e-03
3.459290481258254016e-03
2.910048644346942704e-03
2.257202306414481715e-03
1.603501251974395357e-03
1.030502060151783491e-03
5.872336243628013082e-04
2.874239477427100245e-04
1.148591264882361103e-04
3.471434287195416992e-05
7.510468118319307804e-06
1.980622199154317432e-06
3.657060016387058386e-06
1.726954051577305659e-05
6.275321395718878555e-05
1.663609986777979562e-04
3.496303409861689594e-04
6.194516978554533582e-04
9.621106740312569856e-04
1.343042803484921846e-03
1.712464031208356776e-03
2.015449087902437819e-03
2.203849238551878684e-03
2.246977440769030911e-03
2.138350499586213777e-03
1.896847316845448432e-03
1.562115025005569001e-03
1.185526135823105698e-03
8.190687269276256772e-04
5.049665448865409741e-04
2.684941400739798483e-04
1.154950550896610548e-04
3.481205685585099860e-05
4.558660159976210633e-06
2.384164863224806615e-07
2.377029157385556755e-06
1.630356969916025222e-06
1.517181445569778720e-07
9.101031543571143676e-06
4.324810179588812846e-05
1.143842045329201496e-04
2.255307426873167200e-04
3.676699060046139354e-04
5.200187287210978086e-04
6.539204039059176099e-04
7.394829674717371282e-04
7.533855699677448467e-04
6.859561897109712602e-04
5.457587850705251107e-04
3.604623875299333606e-04
1.735632291072145689e-04
3.740966991574429771e-05
3.751369159508553738e-06
1.135485583457400492e-04
3.879481477489395949e-04
8.221474491734425414e-04
1.383378890746530566e-03
2.013561828793816212e-03
2.636407310089531209e-03
3.168051856048590808e-03
3.529739309514932834e-03
3.660733554883070697e-03
3.529560072310792933e-03
3.141837366478992307e-03
2.543340678650787747e-03
1.817493353608331955e-03
1.077149823490855919e-03
4.512579830796273534e-04
6.770444927928478333e-05
3.428667821276649541e-05
4.202489443638854501e-04
1.241087802555066550e-03
2.449299578059046210e-03
3.933342710467840203e-03
5.526280453225145516e-03
7.024365104983455385e-03
8.214299983442212641e-03
8.906231506727497332e-03
8.967928405112764526e-03
8.354414667645524914e-03
7.126881581307860196e-03
5.455319502155615841e-03
3.601170674579121621e-03
1.879396432656370991e-03
6.033915584349120245e-04
2.058588700348522546e-05
2.505083475603788953e-04
1.239570490128368615e-03
2.746889674129099953e-03
4.372460415392349746e-03
5.632690302527109359e-03
6.079287385482082078e-03
5.446985585972267778e-03
3.805575449663020637e-03
1.684498223784651602e-03
1.361250528790944835e-04
7.084286445478426035e-04
5.309589220016400039e-03
1.596512992078467225e-02
3.448991144963173272e-02
6.211874563988113718e-02
9.915595771273674752e-02
1.447115566813173548e-01
1.965866895846415663e-01
2.513528639694762590e-01
3.046398503466311580e-01
3.516107478308112544e-01
3.875659844351285743e-01
4.085884388605512396e-01
4.121261163288400531e-01
3.974113345966931443e-01
3.656371849523717410e-01
3.198501877126161408e-01
2.645660259062027619e-01
2.051640649534439975e-01
1.471564855858149834e-01
9.545111866190356120e-02
5.372852809004044494e-02
2.403294682410537023e-02
6.637296020503722846e-03
1.924448380188344772e-04
2.119961831165816796e-03
9.165883379484091389e-03
1.800818128026358822e-02
2.580728683651159136e-02
3.060662985150888749e-02
3.152463296871372417e-02
2.872319918031980557e-02
2.318148750793740456e-02
1.633911032329887422e-02
9.693421181583684529e-03
4.438240644827872068e-03
1.216852095827948045e-03
3.436455446418930213e-05
3.398219039395352823e-04
1.253859475471351273e-03
1.889721758785232585e-03
1.698889435622818285e-03
7.695257198099272281e-04
1.611252730703112630e-05
1.219100484817460138e-03
6.900340086251123897e-03
2.004727731282247502e-02
4.372401032751937339e-02
8.062404337074556560e-02
1.326280943482916197e-01
2.004289000967409140e-01
2.832751095751386283e-01
3.788700775141122246e-01
4.834414134365594973e-01
5.919763657924382860e-01
6.985991067253982667e-01
7.970507399329059828e-01
8.812226820420669959e-01
9.456895459645420221e-01
9.861887261535704496e-01
