1.000000000000000000e+00
9.860005796115037802e-01
9.449758832071289971e-01
8.797558675638744718e-01
7.947637716628856985e-01
6.956071156953564927e-01
5.885642342593773169e-01
4.800188166892967456e-01
3.759008686475444616e-01
2.811925063753384357e-01
1.995507057684905439e-01
1.330868152775893931e-01
8.232524602986893147e-02
4.634290519735886904e-02
2.306888079729449426e-02
9.703286434685088474e-03
3.197840332870142011e-03
7.312570782011193222e-04
1.117960062244370475e-04
4.821768582992081136e-05
2.484886210160859371e-04
1.330920907398924422e-03
4.561746856107933880e-03
1.146210984350526374e-02
2.335139187372445302e-02
4.090830753700557681e-02
6.383303662387393440e-02
9.068144068015449033e-02
1.189170157952038204e-01
1.451909692175248068e-01
1.658210108305475383e-01
1.774017376184933992e-01
1.774506595455146440e-01
1.649797178057337832e-01
1.408861315502203393e-01
1.080791021908089761e-01
7.129749264627666117e-02
3.662223678609132643e-02
1.073794936842209155e-02
4.228991651440020205e-05
9.730943547353234496e-03
4.299607517497657655e-02
1.004618213221382117e-01
1.799484483361729059e-01
2.766067390659557312e-01
3.834089752963190101e-01
4.919291056179412314e-01
5.933022522933282250e-01
6.792291992835589598e-01
7.428885055858522879e-01
7.796371717601716655e-01
7.874165014830392106e-01
7.668263162876933769e-01
7.208799134413437226e-01
6.544960716272751888e-01
5.738164360988688983e-01
4.854526852398318715e-01
3.957669282501030117e-01
3.102726590515210714e-01
2.332164533481321522e-01
1.673679504108037397e-01
1.140132635914034298e-01
7.311980256079474161e-02
4.362203555120235804e-02
2.376953799585209900e-02
1.148043414410938531e-02
4.653152243143734122e-03
1.404398081237107163e-03
2.181746436214224497e-04
6.560783999067261209e-06
9.552254498020039690e-05
1.570366642937446244e-04
1.117196949748422067e-04
2.492522531203212642e-05
1.454725370027555656e-05
1.823936617676282586e-04
5.741553581895293820e-04
1.166953241146537722e-03
1.878997145644085423e-03
2.593373722963062625e-03
3.187394201437023823e-03
3.559928047706438156e-03
3.651217412799083982e-03
3.452235640821894793e-03
3.003193537296691001e-03
2.382899791098323089e-03
1.692092392601510622e-03
1.034481697455876762e-03
4.991284486530499828e-04
1.470709459589643038e-04
4.025299136129745610e-06
5.974086648432893595e-05
2.734173432896059176e-04
5.836449556268128412e-04
9.207449055473708455e-04
1.219196857693821863e-03
1.428046779228247555e-03
1.517717520555101002e-03
1.482391519459764270e-03
1.337966899217859140e-03
1.116366462333094264e-03
8.575780585677660961e-04
6.011298114346251640e-04
3.787053560260179798e-04
2.092874037083524775e-04
9.764285665643693366e-05
3.623736796013258388e-05
9.930959192220821982e-06
2.205859427456713197e-06
1.339853910120484685e-06
4.943235217673368018e-06
2.163837529822576326e-05
6.931635193299240394e-05
1.702249216475489307e-04
3.439502580903577183e-04
5.999639759519978348e-04
9.316599962582944403e-04
1.313614947823227514e-03
1.703179460173642225e-03
2.046557798922209702e-03
2.288458567377030933e-03
2.383445961773626113e-03
2.306528418842554353e-03
2.060462881343504572e-03
1.677788124391319012e-03
1.216651278980435558e-03
7.508487232192277011e-04
3.558663387828925654e-04
9.375087853594339085e-05
1.029755525923936654e-07
7.620515326596061191e-05
2.883043081355955131e-04
5.745497015527145125e-04
8.583730697739417811e-04
1.065579289674161052e-03
1.141458452257618000e-03
1.064080107625951137e-03
8.506533476126256843e-04
5.552941978427284328e-04
2.584196873942652814e-04
4.986487932612589265e-05
9.265400822552112236e-06
1.879266161016593709e-04
5.961477909608672203e-04
1.198833189472761542e-03
1.920453648868681359e-03
2.658413777491845306e-03
3.302078852305782332e-03
3.753516637727317279e-03
3.945669827037998588e-03
3.854257424848300025e-03
3.501067665601456397e-03
2.948143821424154248e-03
2.284276133157363622e-03
1.606792892462686117e-03
1.002569409890571601e-03
5.322711604693588974e-04
2.211202675417958164e-04
5.809407731159149874e-05
3.726329621458572617e-06
4.937909865792696078e-06
1.391463763440604438e-05
7.225599638904336069e-06
1.279506549401263147e-06
6.083083479067422783e-05
2.984448734710036196e-04
8.643780262357683968e-04
1.927952585561222695e-03
3.652933219178893052e-03
6.170425054711642550e-03
9.553270684901322279e-03
1.379578101867708941e-02
1.880194044323243649e-02
2.438410387572194013e-02
3.027282581432006944e-02
3.613702423026229904e-02
4.161237280751263479e-02
4.633479147035676760e-02
4.997527948661664721e-02
5.227216621183784079e-02
5.305714563507465259e-02
5.227216621183718159e-02
4.997527948661868724e-02
4.633479147035556023e-02
4.161237280753260492e-02
3.613702423028696681e-02
3.027282581431792532e-02
2.438410387572325158e-02
1.880194044323691208e-02
1.379578101865900491e-02
9.553270684901008294e-03
6.170425054717465149e-03
3.652933219190438070e-03
1.927952585564793190e-03
8.643780262318971445e-04
2.984448734702964488e-04
6.083083479033754240e-05
1.279506549577994877e-06
7.225599639365102511e-06
1.391463763459623377e-05
4.937909865563019706e-06
3.726329621527884053e-06
5.809407731146888903e-05
2.211202675396937653e-04
5.322711604689053756e-04
1.002569409886575882e-03
1.606792892461104266e-03
2.284276133158047537e-03
2.948143821425572818e-03
3.501067665606577301e-03
3.854257424840559689e-03
3.945669827047922941e-03
3.753516637731700925e-03
3.302078852299810113e-03
2.658413777484183466e-03
1.920453648868196937e-03
1.198833189469787142e-03
5.961477909601391786e-04
1.879266161020674104e-04
9.265400822699521380e-06
4.986487932653067275e-05
2.584196873931334285e-04
5.552941978397821134e-04
8.506533476142876578e-04
1.064080107621760045e-03
1.141458452265861406e-03
1.065579289674961844e-03
8.583730697734381692e-04
5.745497015537450467e-04
2.883043081371924887e-04
7.620515326681286258e-05
1.029755526178896615e-07
9.375087853561285827e-05
3.558663387829147915e-04
7.508487232147314063e-04
1.216651278977757362e-03
1.677788124388905795e-03
2.060462881337661156e-03
2.306528418848983238e-03
2.383445961766616095e-03
2.288458567382468424e-03
2.046557798925189089e-03
1.703179460166698994e-03
1.313614947820576639e-03
9.316599962586284830e-04
5.999639759501515469e-04
3.439502580942133039e-04
1.702249216460012592e-04
6.931635193389984050e-05
2.163837529861207127e-05
4.943235217861460154e-06
1.339853910120277586e-06
2.205859427280238117e-06
9.930959191413082893e-06
3.623736796170414848e-05
9.764285665590552552e-05
2.092874037083473004e-04
3.787053560279104005e-04
6.011298114337146510e-04
8.575780585628439267e-04
1.116366462332616348e-03
1.337966899214962369e-03
1.482391519451145513e-03
1.517717520555971833e-03
1.428046779231482164e-03
1.219196857693767219e-03
9.207449055439365267e-04
5.836449556309431094e-04
2.734173432888947351e-04
5.974086648436608343e-05
4.025299136123722359e-06
1.470709459588194002e-04
4.991284486532877483e-04
1.034481697455735165e-03
1.692092392600612468e-03
2.382899791093082056e-03
3.003193537306277083e-03
3.452235640824669050e-03
3.651217412799070104e-03
3.559928047702087470e-03
3.187394201433669302e-03
2.593373722969319339e-03
1.878997145644357124e-03
1.166953241146524928e-03
5.741553581866559210e-04
1.823936617666558648e-04
1.454725370066751428e-05
2.492522531200999175e-05
1.117196949755352016e-04
1.570366642941900960e-04
9.552254497937771784e-05
6.560783999067363700e-06
2.181746436214263257e-04
1.404398081231685285e-03
4.653152243137304370e-03
1.148043414410088517e-02
2.376953799583090068e-02
4.362203555123829457e-02
7.311980256082015184e-02
1.140132635914197362e-01
1.673679504108037119e-01
2.332164533481321800e-01
3.102726590517860816e-01
3.957669282502391250e-01
4.854526852398695080e-01
5.738164360988698975e-01
6.544960716273297008e-01
7.208799134413500509e-01
7.668263162877940742e-01
7.874165014828948816e-01
7.796371717601285889e-01
7.428885055858512887e-01
6.792291992834003089e-01
5.933022522933866227e-01
4.919291056180382649e-01
3.834089752963006914e-01
2.766067390659326941e-01
1.799484483361814546e-01
1.004618213221691175e-01
4.299607517498225256e-02
9.730943547358138559e-03
4.228991651590323830e-05
1.073794936842127797e-02
3.662223678609135419e-02
7.129749264629771377e-02
1.080791021908146243e-01
1.408861315501456213e-01
1.649797178055449065e-01
1.774506595455542235e-01
1.774017376184716110e-01
1.658210108305826214e-01
1.451909692175322730e-01
1.189170157951463802e-01
9.068144068014660775e-02
6.383303662383643662e-02
4.090830753707894174e-02
2.335139187372982372e-02
1.146210984350412056e-02
4.561746856106904321e-03
1.330920907398791498e-03
2.484886210166188224e-04
4.821768582991904276e-05
1.117960062240345781e-04
7.312570782025483006e-04
3.197840332866132632e-03
9.703286434691177353e-03
2.306888079728804802e-02
4.634290519731906061e-02
8.232524602989312046e-02
1.330868152775552815e-01
1.995507057684690888e-01
2.811925063752783172e-01
3.759008686475752148e-01
4.800188166893422093e-01
5.885642342593605525e-01
6.956071156953517187e-01
7.947637716628691562e-01
8.797558675638453840e-01
9.449758832071258885e-01
9.860005796115035581e-01
