1.000000000000000000e+00
9.849046580438061138e-01
9.406735560717349731e-01
8.703815317961623998e-01
7.788603262664115512e-01
6.722828089222822046e-01
5.576279387432526713e-01
4.420721565722071644e-01
3.323629223825479984e-01
2.342363039153758375e-01
1.519410250223933168e-01
8.792454995007696616e-02
4.272173675986330049e-02
1.506375933088714182e-02
2.196453557777071613e-03
3.667716161957098567e-04
5.408721669668747553e-03
1.334160478259600359e-02
2.088834696609618777e-02
2.583315412406012382e-02
2.716519931091189097e-02
2.499471160764328570e-02
2.027232687748886306e-02
1.438250109747031720e-02
8.707705941815505404e-03
4.264890955988634089e-03
1.496668637219868061e-03
2.599797659447937817e-04
3.371478105182090822e-06
7.309187677594356414e-05
5.159399637741788800e-05
2.021291759636927835e-05
6.559659835254615925e-04
3.116868643330176093e-03
8.730511227484635123e-03
1.856065665523412567e-02
3.296930623961187579e-02
5.130386669044390696e-02
7.181534459214375388e-02
9.185841765636246214e-02
1.083514008801738093e-01
1.184028084728166869e-01
1.199610627548268610e-01
1.123293864649155260e-01
9.641408086356892393e-02
7.463525453614004712e-02
5.050915012666157278e-02
2.798980709919355464e-02
1.071468402393705756e-02
1.319850166386781539e-03
9.709879643493766989e-04
9.202898689412175939e-03
2.408718491645512813e-02
4.267420544658948045e-02
6.159913093489358810e-02
7.771519668509048462e-02
8.862390586169202611e-02
9.300721427817629228e-02
9.071931429149782122e-02
8.265126343655548879e-02
7.042711237450099970e-02
5.601632930803008420e-02
4.135104616839581360e-02
2.802063584959725920e-02
1.708729102540176500e-02
9.033380563921847295e-03
3.822551209624769786e-03
1.037463980341595633e-03
4.995986397001706388e-05
1.833321532991060744e-04
8.379202548012750504e-04
1.566044643196109164e-03
2.096334863154231294e-03
2.317781866110417855e-03
2.239104936517502011e-03
1.939426734969397145e-03
1.523073611906521985e-03
1.086312977885439375e-03
6.986869352359270169e-04
3.975262769847626425e-04
1.918328162261515436e-04
7.101563842897164582e-05
1.455945448047095471e-05
4.660292920348311304e-09
8.061611345782616089e-06
2.485583088245567080e-05
4.200826419604157823e-05
5.549095592092524677e-05
6.408860685159480043e-05
6.801500243193398616e-05
6.793643573704237634e-05
6.443863653909535439e-05
5.786681666302909691e-05
4.844419898622949743e-05
3.658277144260815459e-05
2.329728143026401539e-05
1.060282891370369264e-05
1.733046884026718804e-06
9.969096228943063886e-07
1.313646889491587339e-05
4.217358508592155631e-05
8.992359951768725689e-05
1.545533250119540995e-04
2.296917065657929822e-04
3.045896670924777409e-04
3.656306947224533736e-04
3.991339802283889386e-04
3.949514601252616702e-04
3.499730828361819293e-04
2.704675599931936729e-04
1.723078156052628405e-04
7.858612865780951334e-05
1.482851631905625993e-05
2.784917770523411400e-06
5.435999273619044556e-05
1.674370173667423111e-04
3.250117982767876585e-04
4.982304209839703455e-04
6.528177874595840653e-04
7.573203621555214121e-04
7.909179840463060598e-04
7.485443366353028254e-04
6.417574192090441752e-04
4.950460302606783658e-04
3.386708642322220362e-04
2.002564544592711068e-04
9.777789034068957075e-05
3.614245600275405100e-05
8.363531033396078400e-06
7.486756176730912246e-07
1.146564414253406015e-07
3.051864511423895591e-07
5.509352550731546956e-06
2.901495366763001441e-05
8.770027205646690387e-05
1.941847021765243054e-04
3.495309813929179093e-04
5.393443893522976680e-04
7.350283585628863969e-04
9.001896033415019999e-04
1.000353146922097584e-03
1.012902054550020737e-03
9.339558685441906550e-04
7.798393601048460603e-04
5.825606616015729846e-04
3.807103751002785617e-04
2.087224478098916513e-04
8.797349096125155893e-05
2.255336099426014212e-05
9.364393288134798386e-07
2.767923377935543860e-06
8.237447384872083147e-06
6.631067833751252599e-06
9.284996018369738135e-07
6.654964644658311347e-06
4.517175839775107156e-05
1.335547279398092361e-04
2.745463138090835603e-04
4.503393943660945892e-04
6.230691722397104166e-04
7.430949381181358240e-04
7.639519753301142165e-04
6.608522900314168190e-04
4.483474824196233277e-04
1.925625253553432301e-04
1.430712391942374246e-05
8.114053942317081655e-05
5.886818699334116266e-04
1.733622348984966343e-03
3.682560063538265014e-03
6.541635797365746852e-03
1.033188989082719708e-02
1.497436311051671132e-02
2.028745556335936201e-02
2.599724223545384419e-02
3.175963585265958317e-02
3.719175190133869324e-02
4.190874631166369851e-02
4.556184767739251268e-02
4.787329223507180015e-02
4.866432856759177888e-02
4.787329223506844866e-02
4.556184767739556579e-02
4.190874631166181807e-02
3.719175190134313413e-02
3.175963585265798722e-02
2.599724223544895574e-02
2.028745556336868094e-02
1.497436311047585684e-02
1.033188989083004203e-02
6.541635797365674861e-03
3.682560063541549279e-03
1.733622348988061957e-03
5.886818699294690338e-04
8.114053942236521368e-05
1.430712391960980003e-05
1.925625253561529665e-04
4.483474824170771331e-04
6.608522900326484727e-04
7.639519753287663363e-04
7.430949381162036673e-04
6.230691722407509254e-04
4.503393943670917299e-04
2.745463138097831960e-04
1.335547279381921486e-04
4.517175839804555442e-05
6.654964644665747450e-06
9.284996017835438223e-07
6.631067833813090239e-06
8.237447385215204335e-06
2.767923378048280981e-06
9.364393287550850696e-07
2.255336099439629759e-05
8.797349096110154601e-05
2.087224478095020433e-04
3.807103751007212414e-04
5.825606616022938706e-04
7.798393601047542284e-04
9.339558685452901445e-04
1.012902054550026808e-03
1.000353146922553600e-03
9.001896033396527847e-04
7.350283585629715068e-04
5.393443893562005790e-04
3.495309813945689324e-04
1.941847021780249496e-04
8.770027205674113925e-05
2.901495366711207409e-05
5.509352550716028465e-06
3.051864511510349068e-07
1.146564413931121758e-07
7.486756175603999496e-07
8.363531033413108845e-06
3.614245600222814518e-05
9.777789033985011366e-05
2.002564544593611769e-04
3.386708642293420157e-04
4.950460302600496370e-04
6.417574192098525563e-04
7.485443366361376610e-04
7.909179840471236567e-04
7.573203621540475477e-04
6.528177874582630734e-04
4.982304209867369042e-04
3.250117982769308816e-04
1.674370173664622616e-04
5.435999273547051499e-05
2.784917770483502172e-06
1.482851631902214822e-05
7.858612865877876298e-05
1.723078156053950319e-04
2.704675599931925887e-04
3.499730828381100744e-04
3.949514601229459770e-04
3.991339802295869278e-04
3.656306947236783052e-04
3.045896670924775783e-04
2.296917065657921961e-04
1.545533250109195538e-04
8.992359951707201281e-05
4.217358508609069185e-05
1.313646889517350524e-05
9.969096228744375367e-07
1.733046884106567329e-06
1.060282891369824791e-05
2.329728143026901628e-05
3.658277144255760367e-05
4.844419898612250700e-05
5.786681666302239519e-05
6.443863653909408045e-05
6.793643573710966463e-05
6.801500243190128391e-05
6.408860685157718215e-05
5.549095592087971706e-05
4.200826419603640794e-05
2.485583088237458942e-05
8.061611345618012177e-06
4.660292920104519671e-09
1.455945448047155272e-05
7.101563842844839630e-05
1.918328162253169790e-04
3.975262769880392099e-04
6.986869352352646778e-04
1.086312977885442194e-03
1.523073611911092981e-03
1.939426734970705127e-03
2.239104936515835809e-03
2.317781866109733507e-03
2.096334863146529556e-03
1.566044643192688723e-03
8.379202548009115174e-04
1.833321532991040144e-04
4.995986397001751111e-05
1.037463980339981473e-03
3.822551209621420903e-03
9.033380563911638447e-03
1.708729102540287870e-02
2.802063584957752151e-02
4.135104616840802605e-02
5.601632930799172599e-02
7.042711237450098583e-02
8.265126343655544716e-02
9.071931429151922077e-02
9.300721427817514042e-02
8.862390586171177420e-02
7.771519668507911871e-02
6.159913093490351765e-02
4.267420544661285065e-02
2.408718491646881163e-02
9.202898689416556116e-03
9.709879643462280673e-04
1.319850166390987593e-03
1.071468402395205077e-02
2.798980709916589968e-02
5.050915012664802112e-02
7.463525453612218641e-02
9.641408086357644569e-02
1.123293864649262258e-01
1.199610627548469560e-01
1.184028084728225849e-01
1.083514008801940570e-01
9.185841765636237888e-02
7.181534459214798660e-02
5.130386669044386533e-02
3.296930623963718193e-02
1.856065665523477792e-02
8.730511227488602435e-03
3.116868643326998079e-03
6.559659835242366609e-04
2.021291759643451682e-05
5.159399637778467359e-05
7.309187677643320339e-05
3.371478105133651125e-06
2.599797659446284408e-04
1.496668637228373844e-03
4.264890955987880351e-03
8.707705941815564385e-03
1.438250109750237836e-02
2.027232687750873605e-02
2.499471160764403857e-02
2.716519931090764436e-02
2.583315412406016198e-02
2.088834696606292271e-02
1.334160478259281170e-02
5.408721669658895191e-03
3.667716161972315887e-04
2.196453557781185943e-03
1.506375933089145261e-02
4.272173675985702773e-02
8.792454995006689089e-02
1.519410250223874603e-01
2.342363039153362581e-01
3.323629223826233825e-01
4.420721565722300350e-01
5.576279387432862000e-01
6.722828089223172876e-01
7.788603262663947868e-01
8.703815317961993703e-01
9.406735560717531808e-01
9.849046580438191034e-01
