4.676264331465218027e-01
4.683682509279569195e-01
4.705140047525180891e-01
4.738249555769450949e-01
4.779049558654847596e-01
4.822049270140420507e-01
4.860325410139047508e-01
4.885698743391640453e-01
4.889017436090443702e-01
4.860568589623545654e-01
4.790628524179869618e-01
4.670147252201758414e-01
4.491544389061958298e-01
4.249574287564952813e-01
3.942199616933242390e-01
3.571397281371854748e-01
3.143810786770819821e-01
2.671160912725517589e-01
2.170333267585121684e-01
1.663077643001666106e-01
1.175279721522958093e-01
7.357992483261517613e-02
3.749078343542620179e-02
1.224007834998623416e-02
5.496792345549574542e-04
4.667231146047330463e-03
2.616018467440672096e-02
6.573821989861360071e-02
1.231215306828286754e-01
1.969698144699542908e-01
2.848829418085287446e-01
3.834788986900434238e-01
4.885483049040157955e-01
5.952781380484530871e-01
6.985308742460240028e-01
7.931597456058088191e-01
8.743368066233151437e-01
9.378684662271807859e-01
9.804733632597790738e-01
1.000000000000000000e+00
9.955662197813215375e-01
9.676090117932159007e-01
9.178406509452863293e-01
8.491151092672654110e-01
7.652162356499161433e-01
6.705856574853592544e-01
5.700130933261499111e-01
4.683143470430017330e-01
3.700224780790528079e-01
2.791155538376589584e-01
1.988002700934209943e-01
1.313650530518372661e-01
7.810965042670009462e-02
3.935136223562713670e-02
1.450162670140671406e-02
2.201251210338112368e-03
4.986063519001839766e-04
7.052844857833820424e-03
1.934381042069971413e-02
3.487138033754753896e-02
5.132982050016162562e-02
6.674620389220332906e-02
7.957624989951889161e-02
8.875524216668588540e-02
9.370570542534048530e-02
9.430689796794453073e-02
9.083367726192044522e-02
8.387380565279799194e-02
7.423327762252922291e-02
6.283886323963634724e-02
5.064594137837200027e-02
3.855805354035909960e-02
2.736267399570871048e-02
1.768568463592993037e-02
9.965153779075837728e-03
4.443393831502334343e-03
1.175009330570667490e-03
4.780075528010611989e-05
8.128363172513850422e-04
3.120282220735872553e-03
6.557065740577883682e-03
1.068381093328308121e-02
1.506834536135079686e-02
1.931409041645542127e-02
2.308220725927125419e-02
2.610698830302824597e-02
2.820450676475966256e-02
2.927495515665598860e-02
2.929941232598138115e-02
2.833198279015892648e-02
2.648836389467367977e-02
2.393193194090239770e-02
2.085841513397285185e-02
1.748015508261762524e-02
1.401086301121288839e-02
1.065166174613759072e-02
7.579076291052383278e-03
4.935497741099323897e-03
2.822498625250261829e-03
1.297222781512651036e-03
3.719101780113253340e-04
1.645037609222378713e-05
1.636739643455257728e-04
7.169800903266472947e-04
1.559644242601079638e-03
2.565161236268831153e-03
3.607795736033188837e-03
4.572534308870458350e-03
5.363654788664233564e-03
5.911231114595651842e-03
6.175058283101450031e-03
6.145704767476845194e-03
5.842662294583575618e-03
5.309841929640419372e-03
4.608932821730804541e-03
3.811365495617039315e-03
2.989776676188193524e-03
2.209934299618238410e-03
1.524035860951675160e-03
9.661389867877014223e-04
5.502321685254908711e-04
2.711314300687367299e-04
1.080320475931274626e-04
3.019721858976565500e-05
3.973504172519235053e-06
1.272471525392533052e-07
4.276732967381422653e-07
2.476937608303827332e-06
2.199953608320973525e-05
9.213433024590654476e-05
2.596763631656471031e-04
5.786459674203867738e-04
1.101956528282554059e-03
1.872256871246612492e-03
2.913193099760862451e-03
4.222340272779388261e-03
5.766890456178098111e-03
7.482867672659741960e-03
9.278210833967813487e-03
1.103957801002740206e-02
1.264224344379339532e-02
1.396204666961266445e-02
1.488806614501853379e-02
1.533456657970847306e-02
1.525082634846110577e-02
1.462768167708276314e-02
1.349999756287455568e-02
1.194474318473800686e-02
1.007485198860789445e-02
8.029520708268669468e-03
5.961989661387404917e-03
4.026103894005588803e-03
2.363054435317197936e-03
1.089635210179612686e-03
2.891387615243224784e-04
5.688751799971900661e-06
2.423762958739318391e-04
9.632535300978920835e-04
2.098628550152673369e-03
3.553056851744325860e-03
5.214991117901720055e-03
6.967061806161798862e-03
8.695955503830085295e-03
1.030099459982377307e-02
1.170073872707089874e-02
1.283719726624408392e-02
1.367752809824668986e-02
1.421336725069401001e-02
1.445815877682200476e-02
1.444301371439129893e-02
1.421171032671617387e-02
1.381545378113151201e-02
1.330794961755315566e-02
1.274122654325238364e-02
1.216248980352227504e-02
1.161211830807026314e-02
1.112275810638880744e-02
1.071933027331121134e-02
1.041967686599473523e-02
1.023552277497074767e-02
1.017343624477720990e-02
1.023552277496967387e-02
1.041967686599364756e-02
1.071933027329438105e-02
1.112275810636984170e-02
1.161211830806533306e-02
1.216248980352586072e-02
1.274122654325021350e-02
1.330794961754563563e-02
1.381545378112580477e-02
1.421171032671575754e-02
1.444301371439869058e-02
1.445815877678052579e-02
1.421336725075507748e-02
1.367752809824779314e-02
1.283719726621536557e-02
1.170073872707731721e-02
1.030099459985631127e-02
8.695955503787813554e-03
6.967061806150654131e-03
5.214991117907246017e-03
3.553056851726741402e-03
2.098628550141562032e-03
9.632535300991805494e-04
2.423762958731122364e-04
5.688751800054825187e-06
2.891387615283178177e-04
1.089635210173397388e-03
2.363054435314310923e-03
4.026103894008141448e-03
5.961989661377495309e-03
8.029520708294499501e-03
1.007485198863474277e-02
1.194474318474880552e-02
1.349999756288068793e-02
1.462768167707172336e-02
1.525082634846603932e-02
1.533456657970880092e-02
1.488806614503265617e-02
1.396204666962034407e-02
1.264224344380149821e-02
1.103957801001631198e-02
9.278210833986803505e-03
7.482867672671309964e-03
5.766890456170096699e-03
4.222340272772515286e-03
2.913193099760319916e-03
1.872256871252001411e-03
1.101956528289173331e-03
5.786459674198387096e-04
2.596763631648388304e-04
9.213433024521185577e-05
2.199953608356303270e-05
2.476937608415774171e-06
4.276732968282505831e-07
1.272471525581359195e-07
3.973504172569260819e-06
3.019721859027474890e-05
1.080320475928797495e-04
2.711314300682995254e-04
5.502321685306272789e-04
9.661389867832159695e-04
1.524035860945066080e-03
2.209934299616217891e-03
2.989776676195019661e-03
3.811365495606302244e-03
4.608932821742382953e-03
5.309841929640439322e-03
5.842662294590834568e-03
6.145704767489606687e-03
6.175058283091954155e-03
5.911231114595659648e-03
5.363654788665315164e-03
4.572534308867219621e-03
3.607795736022012013e-03
2.565161236271741585e-03
1.559644242601080505e-03
7.169800903240096477e-04
1.636739643448744655e-04
1.645037609258515849e-05
3.719101780115707432e-04
1.297222781514398987e-03
2.822498625238714642e-03
4.935497741097886679e-03
7.579076291041349570e-03
1.065166174613760286e-02
1.401086301120549153e-02
1.748015508259936207e-02
2.085841513397721989e-02
2.393193194090240811e-02
2.648836389467371447e-02
2.833198279015119309e-02
2.929941232602257736e-02
2.927495515665739720e-02
2.820450676475969032e-02
2.610698830300878237e-02
2.308220725927217706e-02
1.931409041645816560e-02
1.506834536135079686e-02
1.068381093326687889e-02
6.557065740605665279e-03
3.120282220730402969e-03
8.128363172500910469e-04
4.780075528010690593e-05
1.175009330573024329e-03
4.443393831491732580e-03
9.965153779068871079e-03
1.768568463593857623e-02
2.736267399562593294e-02
3.855805354028813553e-02
5.064594137833060283e-02
6.283886323963647214e-02
7.423327762252915352e-02
8.387380565286649270e-02
9.083367726197655312e-02
9.430689796784876011e-02
9.370570542534052694e-02
8.875524216677659062e-02
7.957624989963370254e-02
6.674620389220098371e-02
5.132982050016178521e-02
3.487138033754756672e-02
1.934381042071202719e-02
7.052844857780197520e-03
4.986063519000019390e-04
2.201251210336225422e-03
1.450162670141145679e-02
3.935136223580035925e-02
7.810965042677073256e-02
1.313650530518579718e-01
1.988002700934127509e-01
2.791155538376855483e-01
3.700224780787577661e-01
4.683143470428997035e-01
5.700130933262214095e-01
6.705856574854708319e-01
7.652162356498889428e-01
8.491151092671466172e-01
9.178406509449423822e-01
9.676090117932519830e-01
9.955662197813009984e-01
9.999999999999604761e-01
9.804733632598624515e-01
9.378684662271807859e-01
8.743368066232930502e-01
7.931597456062063900e-01
6.985308742462443821e-01
5.952781380487845997e-01
4.885483049039069381e-01
3.834788986900238283e-01
2.848829418086415988e-01
1.969698144699965070e-01
1.231215306828289391e-01
6.573821989863674886e-02
2.616018467436972625e-02
4.667231146054307521e-03
5.496792345549518163e-04
1.224007835000038777e-02
3.749078343544686581e-02
7.357992483257422278e-02
1.175279721523430493e-01
1.663077643001660277e-01
2.170333267586545267e-01
2.671160912724447334e-01
3.143810786770854793e-01
3.571397281371351817e-01
3.942199616934310424e-01
4.249574287565438535e-01
4.491544389060788123e-01
4.670147252201635735e-01
4.790628524180072789e-01
4.860568589624033597e-01
4.889017436089895252e-01
4.885698743391321819e-01
4.860325410139182956e-01
4.822049270140524868e-01
4.779049558655044661e-01
4.738249555769860066e-01
4.705140047525255276e-01
4.683682509279620265e-01
